# relative_time, cycles_done, cur_item, corpus_count, pending_total, pending_favs, map_size, saved_crashes, saved_hangs, max_depth, execs_per_sec, total_execs, edges_found, total_crashes, servers_count
60, 0, 0, 113, 113, 37, 27.51%, 0, 0, 2, 531.68, 30341, 855, 0, 0
65, 0, 0, 113, 113, 37, 27.51%, 0, 0, 2, 24.55, 32047, 855, 0, 0
70, 0, 0, 113, 113, 37, 27.51%, 0, 0, 2, 520.54, 34791, 855, 0, 0
76, 0, 0, 113, 113, 37, 27.51%, 0, 0, 2, 521.30, 37401, 855, 0, 0
81, 0, 0, 113, 113, 37, 27.51%, 0, 0, 2, 534.72, 40211, 855, 0, 0
86, 0, 0, 113, 113, 37, 27.51%, 0, 0, 2, 530.05, 42841, 855, 0, 0
91, 0, 0, 114, 114, 37, 27.67%, 0, 0, 2, 513.36, 45428, 860, 0, 0
96, 0, 0, 114, 114, 37, 27.67%, 0, 0, 2, 22.83, 47798, 860, 0, 0
101, 0, 0, 114, 114, 37, 27.67%, 0, 0, 2, 527.64, 49898, 860, 0, 0
106, 0, 0, 114, 114, 37, 27.67%, 0, 0, 2, 522.99, 52588, 860, 0, 0
111, 0, 1, 115, 114, 87, 27.67%, 0, 0, 2, 540.44, 55385, 860, 0, 0
116, 0, 1, 123, 122, 87, 28.06%, 0, 0, 2, 528.72, 57978, 872, 0, 0
122, 0, 1, 125, 124, 87, 28.09%, 0, 0, 2, 524.98, 60622, 873, 0, 0
127, 0, 1, 128, 127, 87, 28.09%, 0, 0, 2, 556.66, 63533, 873, 0, 0
132, 0, 1, 129, 128, 87, 28.09%, 0, 0, 2, 534.26, 65170, 873, 0, 0
137, 0, 1, 131, 130, 87, 28.19%, 0, 0, 2, 473.70, 67323, 876, 0, 0
142, 0, 3, 149, 147, 94, 28.51%, 0, 0, 2, 425.54, 69317, 886, 0, 0
147, 0, 3, 161, 159, 94, 28.76%, 0, 0, 2, 432.88, 71569, 894, 0, 0
152, 0, 3, 165, 163, 94, 28.86%, 0, 0, 2, 443.40, 73821, 897, 0, 0
157, 0, 3, 165, 163, 94, 28.86%, 1, 0, 2, 453.48, 76143, 897, 1, 0
162, 0, 3, 167, 165, 94, 28.93%, 1, 0, 2, 473.73, 77597, 899, 1, 0
167, 0, 3, 168, 166, 94, 28.93%, 1, 0, 2, 466.40, 79962, 899, 1, 0
172, 0, 3, 170, 168, 94, 28.93%, 1, 0, 2, 453.69, 82262, 899, 1, 0
178, 0, 7, 195, 190, 104, 29.02%, 1, 0, 2, 484.59, 84832, 902, 1, 0
183, 0, 7, 223, 218, 104, 29.21%, 1, 0, 2, 455.66, 87111, 908, 1, 0
188, 0, 7, 231, 226, 104, 29.41%, 1, 0, 2, 482.48, 89543, 914, 1, 0
193, 0, 7, 237, 232, 104, 29.63%, 1, 0, 2, 0.97, 91179, 921, 1, 0
198, 0, 7, 243, 238, 104, 29.73%, 1, 0, 2, 474.30, 93749, 924, 1, 0
203, 0, 7, 250, 245, 104, 29.79%, 1, 0, 2, 480.87, 96318, 926, 1, 0
208, 0, 7, 257, 252, 104, 29.86%, 1, 0, 2, 489.56, 98770, 928, 1, 0
214, 0, 9, 274, 267, 113, 29.86%, 1, 0, 2, 462.71, 101231, 928, 1, 0
219, 0, 9, 282, 275, 113, 29.86%, 1, 0, 2, 476.88, 103662, 928, 1, 0
225, 0, 9, 283, 276, 113, 29.89%, 1, 0, 2, 10.40, 105635, 929, 1, 0
230, 0, 9, 288, 281, 113, 29.99%, 1, 0, 2, 493.61, 108069, 932, 1, 0
235, 0, 9, 290, 283, 113, 29.99%, 1, 0, 2, 483.97, 110504, 932, 1, 0
240, 0, 9, 291, 284, 113, 30.05%, 1, 0, 2, 441.03, 112708, 934, 1, 0
245, 0, 10, 293, 285, 115, 30.05%, 1, 0, 2, 437.16, 114906, 934, 1, 0
250, 0, 11, 313, 304, 114, 30.05%, 2, 0, 2, 428.99, 117204, 934, 2, 0
255, 0, 12, 313, 303, 114, 30.05%, 2, 0, 2, 54.92, 118960, 934, 2, 0
261, 0, 12, 325, 315, 114, 30.05%, 2, 0, 2, 480.96, 120863, 934, 2, 0
266, 0, 12, 325, 315, 114, 30.05%, 2, 0, 2, 406.65, 122816, 934, 2, 0
271, 0, 12, 326, 316, 114, 30.05%, 2, 0, 2, 354.58, 124558, 934, 2, 0
276, 0, 12, 326, 316, 114, 30.05%, 2, 0, 2, 290.43, 126045, 934, 2, 0
281, 0, 12, 328, 318, 114, 30.08%, 2, 0, 2, 368.91, 127981, 935, 2, 0
286, 0, 12, 330, 320, 114, 30.08%, 2, 0, 2, 394.23, 129996, 935, 2, 0
291, 0, 12, 330, 320, 114, 30.08%, 2, 0, 2, 435.37, 131339, 935, 2, 0
296, 0, 14, 341, 330, 115, 30.12%, 2, 0, 2, 443.89, 133695, 936, 2, 0
301, 0, 14, 352, 341, 115, 30.12%, 2, 0, 2, 522.96, 136407, 936, 2, 0
307, 0, 14, 353, 342, 115, 30.12%, 2, 0, 2, 473.47, 138694, 936, 2, 0
312, 0, 14, 354, 343, 115, 30.12%, 2, 0, 2, 460.04, 141041, 936, 2, 0
317, 0, 14, 357, 346, 115, 30.18%, 2, 0, 2, 479.36, 143510, 938, 2, 0
322, 0, 14, 358, 347, 115, 30.18%, 3, 0, 2, 531.48, 145199, 938, 3, 0
327, 0, 16, 359, 347, 117, 30.21%, 3, 0, 2, 435.26, 147286, 939, 3, 0
332, 0, 16, 390, 378, 117, 30.44%, 3, 0, 2, 414.48, 149398, 946, 3, 0
337, 0, 16, 392, 380, 117, 30.44%, 5, 0, 2, 433.03, 151572, 946, 5, 0
342, 0, 16, 394, 382, 117, 30.44%, 5, 0, 2, 432.73, 153842, 946, 5, 0
347, 0, 16, 395, 383, 117, 30.53%, 5, 0, 2, 455.30, 156140, 949, 5, 0
352, 0, 16, 396, 384, 117, 30.57%, 5, 0, 2, 401.38, 157532, 950, 5, 0
357, 0, 16, 396, 384, 117, 30.57%, 5, 0, 2, 402.48, 159504, 950, 5, 0
362, 0, 19, 396, 382, 122, 30.57%, 5, 0, 2, 404.53, 161544, 950, 6, 0
368, 0, 37, 396, 372, 111, 30.57%, 5, 0, 2, 463.37, 164063, 950, 6, 0
373, 0, 37, 411, 387, 111, 30.63%, 5, 0, 2, 321.03, 165447, 952, 6, 0
378, 0, 37, 438, 414, 111, 30.63%, 5, 0, 2, 371.11, 167324, 952, 6, 0
383, 0, 37, 440, 416, 111, 30.63%, 5, 0, 2, 64.45, 169131, 952, 6, 0
388, 0, 37, 440, 416, 111, 30.63%, 5, 0, 2, 420.12, 170790, 952, 6, 0
393, 0, 37, 440, 416, 111, 30.63%, 5, 0, 2, 405.30, 172804, 952, 6, 0
398, 0, 42, 461, 436, 112, 30.76%, 5, 0, 2, 411.84, 174972, 956, 6, 0
403, 0, 42, 469, 444, 112, 31.02%, 6, 0, 2, 394.40, 176956, 964, 7, 0
408, 0, 42, 475, 450, 112, 31.15%, 6, 0, 2, 422.01, 179102, 968, 7, 0
413, 0, 42, 478, 453, 112, 31.24%, 6, 0, 2, 400.97, 181195, 971, 7, 0
419, 0, 42, 479, 454, 112, 31.24%, 6, 0, 2, 434.26, 182610, 971, 7, 0
424, 0, 42, 481, 456, 112, 31.50%, 6, 0, 2, 425.99, 184768, 979, 7, 0
429, 0, 42, 485, 460, 112, 31.63%, 6, 0, 2, 441.96, 186996, 983, 7, 0
434, 0, 67, 486, 449, 112, 31.69%, 6, 0, 2, 507.07, 189633, 985, 7, 0
440, 0, 90, 486, 431, 94, 31.69%, 6, 0, 2, 504.55, 192983, 985, 7, 0
448, 0, 97, 491, 430, 89, 31.72%, 6, 0, 3, 455.79, 195478, 986, 7, 0
453, 0, 103, 494, 430, 86, 32.08%, 6, 0, 3, 469.22, 198011, 997, 7, 0
458, 0, 103, 510, 446, 86, 32.21%, 6, 0, 3, 461.20, 200332, 1001, 7, 0
463, 0, 103, 513, 449, 86, 32.21%, 6, 0, 3, 506.22, 203053, 1001, 7, 0
468, 0, 103, 513, 449, 86, 32.21%, 6, 0, 3, 460.40, 205285, 1001, 7, 0
473, 0, 103, 514, 450, 86, 32.21%, 6, 0, 3, 430.64, 207428, 1001, 7, 0
478, 0, 103, 514, 450, 86, 32.21%, 6, 0, 3, 37.08, 209428, 1001, 7, 0
483, 0, 103, 514, 450, 86, 32.21%, 6, 0, 3, 444.08, 211220, 1001, 7, 0
489, 0, 103, 514, 450, 86, 32.21%, 6, 0, 3, 446.21, 213524, 1001, 7, 0
494, 0, 103, 514, 450, 86, 32.21%, 6, 0, 3, 445.56, 215844, 1001, 7, 0
499, 0, 103, 514, 450, 86, 32.21%, 6, 0, 3, 518.34, 218580, 1001, 7, 0
504, 0, 103, 514, 450, 86, 32.21%, 6, 0, 3, 517.37, 221170, 1001, 7, 0
509, 0, 103, 514, 450, 86, 32.21%, 6, 0, 3, 462.83, 223517, 1001, 7, 0
514, 0, 103, 514, 450, 86, 32.21%, 6, 0, 3, 496.99, 225011, 1001, 7, 0
519, 0, 103, 514, 450, 86, 32.21%, 6, 0, 3, 464.74, 227270, 1001, 7, 0
524, 0, 103, 514, 450, 86, 32.21%, 6, 0, 3, 469.23, 229628, 1001, 7, 0
529, 0, 103, 514, 450, 86, 32.21%, 6, 0, 3, 530.01, 232470, 1001, 7, 0
534, 0, 103, 514, 450, 86, 32.21%, 6, 0, 3, 439.08, 234620, 1001, 7, 0
539, 0, 103, 514, 450, 86, 32.21%, 6, 0, 3, 494.36, 237116, 1001, 7, 0
546, 0, 107, 514, 447, 89, 32.21%, 6, 0, 3, 476.92, 239374, 1001, 7, 0
553, 0, 112, 514, 444, 86, 32.21%, 6, 0, 3, 485.73, 242535, 1001, 7, 0
558, 0, 371, 514, 439, 81, 32.21%, 6, 0, 3, 487.16, 245087, 1001, 7, 0
563, 0, 122, 515, 438, 80, 32.21%, 6, 0, 3, 461.68, 247323, 1001, 7, 0
568, 0, 142, 524, 444, 80, 32.21%, 6, 0, 3, 491.09, 249900, 1001, 7, 0
574, 0, 159, 524, 438, 75, 32.21%, 6, 0, 3, 48.89, 252049, 1001, 7, 0
579, 0, 218, 524, 429, 66, 32.21%, 6, 0, 3, 512.29, 254048, 1001, 7, 0
584, 0, 229, 528, 427, 61, 32.21%, 6, 0, 3, 471.58, 256293, 1001, 7, 0
589, 0, 258, 528, 416, 50, 32.21%, 6, 0, 3, 491.49, 258754, 1001, 7, 0
594, 0, 279, 559, 444, 47, 32.21%, 6, 0, 3, 449.31, 260947, 1001, 7, 0
599, 0, 291, 560, 438, 41, 32.21%, 6, 0, 3, 471.27, 263379, 1001, 7, 0
604, 0, 299, 561, 438, 40, 32.21%, 6, 0, 3, 403.30, 265351, 1001, 7, 0
610, 0, 299, 561, 438, 40, 32.21%, 6, 0, 3, 415.93, 266821, 1001, 7, 0
615, 0, 317, 561, 434, 36, 32.21%, 6, 0, 3, 291.50, 268445, 1001, 7, 0
620, 0, 317, 561, 434, 36, 32.21%, 6, 0, 3, 244.99, 269587, 1001, 7, 0
625, 0, 326, 561, 433, 35, 32.21%, 6, 0, 3, 214.79, 270657, 1001, 7, 0
630, 0, 326, 561, 433, 35, 32.21%, 6, 0, 3, 181.20, 271562, 1001, 7, 0
635, 0, 350, 561, 432, 34, 32.21%, 6, 0, 3, 192.35, 272604, 1001, 7, 0
640, 0, 358, 569, 438, 32, 32.21%, 6, 0, 3, 194.08, 273314, 1001, 7, 0
645, 0, 358, 571, 440, 32, 32.21%, 6, 0, 3, 179.91, 274284, 1001, 7, 0
650, 0, 389, 572, 438, 30, 32.30%, 6, 0, 3, 220.12, 275509, 1004, 7, 0
656, 0, 389, 572, 438, 30, 32.30%, 6, 0, 3, 205.91, 276770, 1004, 7, 0
661, 0, 394, 572, 435, 28, 32.30%, 6, 0, 3, 236.13, 278026, 1004, 7, 0
666, 0, 427, 572, 433, 26, 32.30%, 6, 0, 3, 247.01, 279276, 1004, 7, 0
672, 0, 427, 572, 433, 26, 32.30%, 6, 0, 3, 265.80, 280033, 1004, 7, 0
677, 0, 430, 572, 431, 24, 32.30%, 6, 0, 3, 237.86, 281209, 1004, 7, 0
682, 0, 430, 572, 431, 24, 32.30%, 6, 0, 3, 231.33, 282367, 1004, 7, 0
687, 0, 466, 573, 427, 19, 32.34%, 6, 0, 3, 234.35, 283572, 1005, 7, 0
692, 0, 466, 575, 429, 19, 32.34%, 6, 0, 3, 225.23, 284723, 1005, 7, 0
697, 0, 472, 577, 430, 19, 32.34%, 6, 0, 3, 234.12, 286013, 1005, 7, 0
703, 0, 477, 578, 429, 18, 32.37%, 6, 0, 3, 21.54, 286820, 1006, 7, 0
708, 0, 484, 579, 425, 14, 32.37%, 6, 0, 4, 240.80, 288136, 1006, 7, 0
713, 0, 574, 580, 419, 7, 32.37%, 6, 0, 4, 262.07, 289456, 1006, 7, 0
718, 0, 368, 581, 418, 6, 32.37%, 6, 0, 4, 243.99, 290667, 1006, 7, 0
723, 0, 432, 583, 419, 6, 32.37%, 6, 0, 4, 215.20, 291738, 1006, 7, 0
728, 0, 432, 583, 419, 6, 32.37%, 6, 0, 4, 237.52, 293012, 1006, 7, 0
733, 0, 294, 583, 418, 6, 32.37%, 6, 0, 4, 34.04, 294084, 1006, 7, 0
739, 0, 261, 583, 415, 4, 32.37%, 6, 0, 4, 256.01, 295120, 1006, 7, 0
744, 0, 35, 583, 412, 3, 32.37%, 6, 0, 4, 247.33, 296380, 1006, 7, 0
749, 0, 35, 583, 412, 3, 32.37%, 6, 0, 4, 202.97, 297389, 1006, 7, 0
754, 0, 35, 587, 416, 3, 32.37%, 6, 0, 4, 205.41, 298421, 1006, 7, 0
759, 0, 208, 587, 415, 3, 32.37%, 6, 0, 4, 233.02, 299800, 1006, 7, 0
765, 0, 335, 587, 408, 2, 32.37%, 7, 0, 4, 43.02, 301172, 1006, 8, 0
770, 0, 560, 589, 409, 2, 32.37%, 7, 0, 4, 245.44, 302143, 1006, 8, 0
775, 0, 560, 589, 409, 2, 32.37%, 7, 0, 4, 249.69, 303459, 1006, 8, 0
781, 0, 378, 589, 407, 2, 32.37%, 7, 0, 4, 241.06, 304715, 1006, 8, 0
786, 0, 583, 589, 406, 2, 32.37%, 7, 0, 4, 247.58, 305951, 1006, 8, 0
791, 0, 436, 589, 405, 2, 32.37%, 7, 0, 4, 249.15, 307210, 1006, 8, 0
796, 0, 577, 591, 404, 2, 32.37%, 7, 0, 4, 243.85, 308450, 1006, 8, 0
801, 0, 553, 592, 403, 0, 32.37%, 7, 0, 4, 269.03, 309303, 1006, 8, 0
806, 0, 301, 593, 403, 0, 32.37%, 7, 0, 4, 262.86, 310675, 1006, 8, 0
811, 0, 492, 594, 403, 0, 32.37%, 7, 0, 4, 267.94, 311978, 1006, 8, 0
816, 0, 329, 594, 403, 0, 32.37%, 7, 0, 4, 238.16, 313134, 1006, 8, 0
821, 0, 406, 595, 403, 0, 32.37%, 7, 0, 4, 240.64, 314360, 1006, 8, 0
826, 0, 406, 595, 403, 0, 32.37%, 7, 0, 4, 208.21, 315388, 1006, 8, 0
831, 0, 496, 595, 401, 0, 32.37%, 7, 0, 4, 227.47, 316174, 1006, 8, 0
836, 0, 63, 595, 399, 0, 32.37%, 7, 0, 4, 240.77, 317412, 1006, 8, 0
841, 0, 316, 596, 397, 0, 32.37%, 7, 0, 4, 237.88, 318635, 1006, 8, 0
846, 0, 316, 596, 397, 0, 32.37%, 7, 0, 4, 221.63, 319735, 1006, 8, 0
852, 0, 315, 596, 396, 0, 32.37%, 7, 0, 4, 244.34, 321016, 1006, 8, 0
857, 0, 315, 596, 396, 0, 32.37%, 7, 0, 4, 229.95, 322307, 1006, 8, 0
862, 0, 437, 596, 395, 0, 32.37%, 7, 0, 4, 272.78, 323177, 1006, 8, 0
867, 0, 250, 597, 395, 0, 32.37%, 7, 0, 4, 235.71, 324339, 1006, 8, 0
873, 0, 186, 602, 400, 0, 32.37%, 7, 0, 4, 256.31, 325673, 1006, 8, 0
878, 0, 186, 603, 401, 0, 32.40%, 7, 0, 4, 255.57, 326975, 1007, 8, 0
883, 0, 186, 607, 405, 0, 32.40%, 7, 0, 4, 263.77, 328318, 1007, 8, 0
888, 0, 186, 608, 406, 0, 32.40%, 7, 0, 4, 268.50, 329660, 1007, 8, 0
894, 0, 186, 608, 406, 0, 32.40%, 7, 0, 4, 1.88, 330626, 1007, 8, 0
899, 0, 186, 608, 406, 0, 32.40%, 7, 0, 4, 242.08, 331952, 1007, 8, 0
904, 0, 186, 609, 407, 0, 32.40%, 7, 0, 4, 242.55, 333207, 1007, 8, 0
909, 0, 186, 611, 409, 0, 32.40%, 7, 0, 4, 272.93, 334587, 1007, 8, 0
914, 0, 186, 611, 409, 0, 32.40%, 7, 0, 4, 253.01, 335947, 1007, 8, 0
919, 0, 186, 612, 410, 0, 32.40%, 7, 0, 4, 258.23, 337279, 1007, 8, 0
926, 0, 553, 612, 408, 0, 32.40%, 7, 0, 4, 43.26, 338413, 1007, 8, 0
931, 0, 412, 612, 408, 0, 32.40%, 7, 0, 4, 244.58, 339722, 1007, 8, 0
937, 0, 412, 612, 408, 0, 32.40%, 7, 0, 4, 231.88, 341222, 1007, 8, 0
943, 0, 523, 613, 407, 0, 32.40%, 7, 0, 4, 264.90, 342628, 1007, 8, 0
948, 0, 594, 613, 406, 0, 32.40%, 7, 0, 4, 253.14, 343913, 1007, 8, 0
953, 0, 594, 613, 406, 0, 32.40%, 7, 0, 4, 212.76, 344977, 1007, 8, 0
958, 0, 184, 613, 405, 0, 32.40%, 7, 0, 4, 263.68, 345807, 1007, 8, 0
963, 0, 469, 614, 403, 0, 32.40%, 7, 0, 4, 244.79, 347073, 1007, 8, 0
968, 0, 374, 614, 403, 0, 32.40%, 7, 0, 4, 231.78, 348202, 1007, 8, 0
973, 0, 320, 614, 402, 0, 32.40%, 7, 0, 4, 232.18, 349432, 1007, 8, 0
980, 0, 164, 614, 401, 0, 32.40%, 7, 0, 4, 220.05, 350943, 1007, 8, 0
985, 0, 382, 615, 400, 0, 32.40%, 7, 0, 4, 224.06, 352129, 1007, 8, 0
990, 0, 547, 615, 399, 0, 32.40%, 7, 0, 4, 232.47, 352956, 1007, 8, 0
995, 0, 67, 616, 397, 0, 32.40%, 7, 0, 4, 248.36, 354221, 1007, 8, 0
1001, 0, 581, 616, 396, 0, 32.40%, 7, 0, 4, 240.28, 355784, 1007, 8, 0
1007, 0, 605, 616, 391, 0, 32.40%, 7, 0, 4, 223.83, 356931, 1007, 8, 0
1012, 0, 235, 617, 390, 0, 32.40%, 7, 0, 4, 247.16, 358161, 1007, 8, 0
1017, 0, 113, 621, 393, 0, 32.46%, 7, 0, 4, 256.48, 359478, 1009, 8, 0
1023, 0, 617, 621, 392, 2, 32.46%, 7, 0, 4, 277.99, 360810, 1009, 8, 0
1028, 0, 253, 622, 389, 0, 32.50%, 7, 0, 4, 243.25, 362012, 1010, 8, 0
1033, 0, 34, 624, 388, 0, 32.50%, 7, 0, 4, 229.28, 363162, 1010, 8, 0
1038, 0, 108, 625, 385, 0, 32.56%, 7, 0, 4, 248.42, 364438, 1012, 8, 0
1043, 0, 176, 627, 384, 0, 32.56%, 7, 0, 4, 251.58, 365710, 1012, 8, 0
1048, 0, 438, 628, 384, 0, 32.56%, 7, 0, 4, 188.52, 366730, 1012, 8, 0
1053, 0, 438, 628, 384, 0, 32.56%, 7, 0, 4, 156.55, 367216, 1012, 8, 0
1058, 0, 438, 628, 384, 0, 32.56%, 7, 0, 4, 220.30, 367808, 1012, 8, 0
1064, 0, 287, 628, 383, 0, 32.56%, 7, 0, 4, 218.51, 368925, 1012, 8, 0
1069, 0, 461, 629, 383, 0, 32.56%, 7, 0, 5, 267.10, 370295, 1012, 8, 0
1074, 0, 83, 629, 380, 0, 32.56%, 7, 0, 5, 255.81, 371560, 1012, 8, 0
1081, 0, 17, 629, 380, 0, 32.56%, 7, 0, 5, 245.75, 373305, 1012, 8, 0
1086, 0, 141, 632, 380, 0, 32.56%, 7, 0, 6, 319.49, 374291, 1012, 8, 0
1091, 0, 324, 632, 377, 0, 32.56%, 7, 0, 6, 277.56, 375625, 1012, 8, 0
1096, 0, 324, 632, 377, 0, 32.56%, 7, 0, 6, 199.24, 376591, 1012, 8, 0
1101, 0, 615, 633, 377, 0, 32.56%, 7, 0, 6, 226.89, 377864, 1012, 8, 0
1106, 0, 272, 634, 375, 0, 32.56%, 7, 0, 6, 239.07, 379092, 1012, 8, 0
1111, 0, 363, 634, 373, 0, 32.56%, 7, 0, 6, 221.73, 380232, 1012, 8, 0
1116, 0, 461, 634, 372, 0, 32.56%, 7, 0, 6, 20.93, 381336, 1012, 8, 0
1121, 0, 145, 634, 372, 0, 32.56%, 7, 0, 6, 263.01, 382461, 1012, 8, 0
1128, 0, 388, 634, 370, 0, 32.56%, 7, 0, 6, 239.58, 384080, 1012, 8, 0
1133, 0, 22, 635, 367, 0, 32.59%, 7, 0, 6, 247.44, 385376, 1013, 8, 0
1138, 0, 318, 635, 367, 0, 32.59%, 7, 0, 6, 247.66, 386674, 1013, 8, 0
1143, 0, 379, 636, 364, 0, 32.63%, 7, 0, 6, 454.09, 389178, 1014, 8, 0
1149, 0, 229, 636, 363, 0, 32.63%, 7, 0, 6, 6.62, 391233, 1014, 8, 0
1154, 0, 285, 638, 361, 0, 32.75%, 7, 0, 6, 609.36, 394374, 1018, 8, 0
1159, 0, 180, 642, 362, 0, 32.75%, 7, 0, 6, 556.52, 397163, 1018, 8, 0
1164, 0, 180, 645, 365, 0, 32.75%, 7, 0, 6, 515.82, 399742, 1018, 8, 0
1169, 0, 180, 646, 366, 0, 32.75%, 7, 0, 6, 511.01, 402369, 1018, 8, 0
1175, 0, 180, 646, 366, 0, 32.75%, 7, 0, 6, 517.84, 404989, 1018, 9, 0
1180, 0, 180, 646, 366, 0, 32.75%, 7, 0, 6, 97.47, 407409, 1018, 9, 0
1185, 0, 180, 646, 366, 0, 32.75%, 7, 0, 6, 518.93, 409469, 1018, 9, 0
1190, 0, 338, 646, 364, 0, 32.75%, 7, 0, 6, 547.64, 412602, 1018, 9, 0
1196, 0, 559, 648, 363, 0, 32.79%, 7, 0, 6, 604.29, 415823, 1019, 9, 0
1201, 0, 527, 649, 362, 0, 32.79%, 7, 0, 6, 607.51, 418916, 1019, 9, 0
1206, 0, 538, 655, 363, 0, 32.79%, 7, 0, 6, 594.08, 421864, 1019, 9, 0
1211, 0, 648, 656, 360, 0, 32.79%, 7, 0, 6, 583.16, 424819, 1019, 9, 0
1216, 0, 247, 656, 358, 0, 32.79%, 7, 0, 6, 573.82, 426635, 1019, 9, 0
1221, 1, 289, 656, 353, 0, 32.79%, 7, 0, 6, 558.66, 429606, 1019, 9, 0
1226, 1, 399, 659, 353, 0, 32.79%, 7, 0, 6, 528.17, 432473, 1019, 9, 0
1232, 1, 377, 659, 349, 0, 32.79%, 7, 0, 6, 532.05, 435126, 1019, 9, 0
1237, 1, 425, 659, 347, 0, 32.79%, 7, 0, 6, 518.07, 437748, 1019, 9, 0
1242, 1, 381, 659, 342, 0, 32.79%, 7, 0, 6, 542.22, 440487, 1019, 9, 0
1247, 1, 194, 659, 337, 0, 32.79%, 7, 0, 6, 569.02, 442208, 1019, 9, 0
1252, 1, 402, 659, 331, 0, 32.79%, 7, 0, 6, 558.55, 445178, 1019, 9, 0
1257, 1, 652, 664, 335, 0, 32.79%, 7, 0, 6, 554.94, 447940, 1019, 9, 0
1262, 1, 652, 664, 335, 0, 32.79%, 7, 0, 6, 592.73, 450965, 1019, 9, 0
1267, 1, 267, 664, 333, 0, 32.79%, 7, 0, 6, 593.11, 453923, 1019, 9, 0
1272, 1, 319, 664, 329, 0, 32.79%, 7, 0, 6, 576.60, 456862, 1019, 9, 0
1279, 1, 419, 664, 328, 0, 32.79%, 7, 0, 6, 512.96, 459656, 1019, 9, 0
1284, 1, 452, 666, 320, 0, 32.79%, 7, 0, 6, 557.72, 462553, 1019, 9, 0
1289, 1, 323, 667, 314, 0, 32.79%, 7, 0, 6, 561.28, 465326, 1019, 9, 0
1294, 1, 633, 670, 316, 0, 32.79%, 7, 0, 6, 568.41, 468106, 1019, 9, 0
1299, 1, 408, 670, 309, 0, 32.79%, 7, 0, 6, 576.92, 471069, 1019, 9, 0
1304, 1, 653, 671, 306, 0, 32.79%, 7, 0, 6, 573.60, 473979, 1019, 9, 0
1309, 1, 585, 671, 304, 0, 32.79%, 7, 0, 6, 547.91, 475857, 1019, 9, 0
1315, 1, 313, 671, 301, 0, 32.79%, 7, 0, 6, 536.83, 478700, 1019, 9, 0
1321, 1, 372, 671, 298, 0, 32.79%, 7, 0, 6, 541.73, 481897, 1019, 9, 0
1326, 1, 327, 671, 288, 0, 32.79%, 7, 0, 6, 578.86, 484982, 1019, 9, 0
1331, 1, 403, 671, 284, 0, 32.79%, 7, 0, 6, 594.11, 488024, 1019, 9, 0
1336, 1, 36, 671, 280, 0, 32.79%, 7, 0, 6, 562.00, 490770, 1019, 9, 0
1341, 1, 351, 675, 283, 0, 32.79%, 7, 0, 6, 506.79, 492478, 1019, 9, 0
1346, 1, 672, 675, 277, 0, 32.79%, 7, 0, 6, 557.59, 495439, 1019, 9, 0
1351, 1, 428, 675, 272, 0, 32.79%, 7, 0, 6, 556.93, 498326, 1019, 9, 0
1357, 1, 635, 676, 266, 0, 32.79%, 7, 0, 6, 587.11, 501361, 1019, 9, 0
1362, 1, 175, 676, 259, 0, 32.79%, 7, 0, 6, 589.63, 504283, 1019, 9, 0
1367, 1, 295, 676, 253, 0, 32.79%, 7, 0, 6, 603.77, 507397, 1019, 9, 0
1373, 1, 362, 677, 252, 0, 32.79%, 7, 0, 6, 7.53, 509628, 1019, 9, 0
1378, 1, 322, 678, 245, 0, 32.82%, 7, 0, 6, 543.18, 512420, 1020, 9, 0
1383, 1, 584, 678, 243, 0, 32.82%, 7, 0, 6, 532.79, 515036, 1020, 9, 0
1388, 1, 621, 678, 240, 0, 32.82%, 7, 0, 6, 560.47, 517824, 1020, 9, 0
1393, 1, 405, 678, 236, 0, 32.82%, 7, 0, 6, 547.54, 520613, 1020, 9, 0
1398, 1, 401, 678, 234, 0, 32.82%, 7, 0, 6, 544.06, 523310, 1020, 9, 0
1403, 1, 199, 681, 230, 1, 32.92%, 7, 0, 6, 86.58, 526092, 1023, 9, 0
1408, 1, 293, 681, 226, 0, 32.92%, 7, 0, 6, 555.34, 528361, 1023, 9, 0
1413, 1, 375, 681, 222, 0, 32.92%, 7, 0, 6, 527.13, 530985, 1023, 9, 0
1419, 1, 434, 681, 220, 0, 32.92%, 7, 0, 6, 477.98, 533197, 1023, 9, 0
1424, 1, 418, 681, 216, 0, 32.92%, 7, 0, 6, 479.93, 535647, 1023, 9, 0
1429, 1, 439, 681, 215, 0, 32.92%, 7, 0, 6, 507.61, 538167, 1023, 9, 0
1434, 1, 303, 684, 215, 0, 32.92%, 7, 0, 6, 526.80, 541350, 1023, 9, 0
1439, 1, 658, 686, 215, 0, 32.92%, 7, 0, 6, 541.56, 543076, 1023, 9, 0
1445, 1, 278, 686, 209, 0, 32.92%, 7, 0, 6, 525.67, 545661, 1023, 9, 0
1451, 1, 385, 687, 205, 0, 32.92%, 7, 0, 6, 548.59, 549448, 1023, 10, 0
1456, 1, 387, 688, 203, 0, 32.92%, 7, 0, 6, 536.92, 552182, 1023, 10, 0
1461, 1, 674, 689, 200, 0, 32.92%, 7, 0, 6, 541.87, 554876, 1023, 10, 0
1467, 1, 102, 692, 197, 0, 33.01%, 7, 0, 6, 12.54, 557362, 1026, 10, 0
1472, 1, 183, 692, 193, 0, 33.01%, 7, 0, 6, 615.32, 559784, 1026, 10, 0
1477, 1, 443, 693, 190, 0, 33.01%, 7, 0, 6, 577.99, 562740, 1026, 10, 0
1482, 1, 668, 699, 189, 0, 33.01%, 7, 0, 6, 547.85, 565484, 1026, 10, 0
1488, 1, 668, 700, 190, 0, 33.01%, 7, 0, 6, 563.18, 568286, 1026, 10, 0
1493, 1, 668, 703, 193, 0, 33.01%, 8, 0, 6, 578.98, 571277, 1026, 11, 0
1498, 1, 703, 709, 198, 1, 33.01%, 8, 0, 6, 597.84, 574275, 1026, 11, 0
1503, 1, 341, 711, 195, 0, 33.01%, 8, 0, 7, 589.78, 576184, 1026, 11, 0
1508, 1, 411, 711, 188, 0, 33.01%, 8, 0, 7, 583.73, 579091, 1026, 11, 0
1513, 1, 26, 712, 183, 0, 33.04%, 8, 0, 7, 592.84, 582081, 1027, 11, 0
1518, 1, 367, 713, 183, 0, 33.04%, 8, 0, 7, 530.16, 584893, 1027, 11, 0
1523, 1, 712, 714, 183, 1, 33.04%, 8, 0, 7, 453.59, 587162, 1027, 11, 0
1529, 1, 713, 715, 183, 0, 33.04%, 8, 0, 7, 462.46, 589590, 1027, 13, 0
1534, 1, 626, 717, 181, 0, 33.11%, 8, 0, 7, 537.95, 591268, 1029, 13, 0
1539, 1, 586, 718, 179, 0, 33.11%, 8, 0, 7, 526.81, 594240, 1029, 13, 0
1545, 1, 296, 720, 179, 0, 33.11%, 8, 0, 7, 493.82, 596743, 1029, 13, 0
1550, 1, 573, 720, 177, 0, 33.11%, 8, 0, 7, 489.40, 599236, 1029, 13, 0
1555, 1, 165, 720, 174, 0, 33.11%, 8, 0, 7, 302.48, 600326, 1029, 13, 0
1560, 1, 457, 721, 174, 0, 33.11%, 8, 0, 7, 280.96, 601679, 1029, 13, 0
1565, 1, 656, 721, 174, 0, 33.11%, 8, 0, 7, 99.44, 602336, 1029, 13, 0
1570, 1, 225, 721, 171, 0, 33.11%, 8, 0, 7, 202.49, 603469, 1029, 13, 0
1577, 1, 671, 721, 171, 0, 33.11%, 8, 0, 7, 223.71, 605119, 1029, 13, 0
1582, 1, 314, 721, 169, 0, 33.11%, 8, 0, 7, 321.33, 606797, 1029, 13, 0
1587, 1, 705, 725, 170, 0, 33.11%, 8, 0, 7, 471.52, 609307, 1029, 13, 0
1592, 1, 705, 728, 173, 0, 33.11%, 8, 0, 7, 518.75, 612004, 1029, 13, 0
1597, 1, 705, 729, 174, 0, 33.11%, 8, 0, 7, 532.08, 613671, 1029, 13, 0
1602, 1, 705, 731, 176, 0, 33.17%, 8, 0, 7, 544.65, 616395, 1031, 13, 0
1608, 1, 730, 731, 174, 1, 33.17%, 8, 0, 7, 533.11, 619316, 1031, 13, 0
1614, 1, 328, 731, 171, 0, 33.17%, 8, 0, 7, 533.88, 622958, 1031, 13, 0
1619, 1, 143, 734, 170, 0, 33.17%, 8, 0, 8, 527.53, 625542, 1031, 13, 0
1625, 1, 156, 734, 166, 0, 33.17%, 8, 0, 8, 508.75, 628075, 1031, 13, 0
1631, 1, 359, 735, 165, 0, 33.17%, 8, 0, 8, 522.91, 630596, 1031, 13, 0
1636, 1, 616, 737, 165, 0, 33.17%, 8, 0, 8, 494.78, 633121, 1031, 13, 0
1642, 1, 365, 738, 165, 0, 33.17%, 8, 0, 8, 398.31, 635004, 1031, 13, 0
1647, 1, 687, 738, 160, 0, 33.17%, 8, 0, 8, 469.66, 637372, 1031, 13, 0
1653, 1, 423, 738, 158, 0, 33.17%, 8, 0, 8, 485.11, 640706, 1031, 13, 0
1659, 1, 634, 738, 155, 0, 33.17%, 8, 0, 8, 62.05, 642889, 1031, 13, 0
1664, 1, 282, 738, 147, 0, 33.17%, 8, 0, 8, 583.94, 645218, 1031, 13, 0
1669, 1, 182, 738, 143, 0, 33.17%, 8, 0, 8, 529.53, 647780, 1031, 13, 0
1674, 1, 257, 739, 141, 0, 33.17%, 8, 0, 8, 401.50, 649804, 1031, 13, 0
1679, 1, 341, 740, 135, 0, 33.17%, 8, 0, 8, 492.48, 652316, 1031, 13, 0
1684, 1, 732, 740, 128, 0, 33.17%, 8, 0, 8, 496.26, 654871, 1031, 13, 0
1689, 1, 555, 741, 126, 0, 33.17%, 8, 0, 8, 528.27, 657601, 1031, 13, 0
1694, 2, 680, 743, 125, 0, 33.27%, 8, 0, 8, 560.12, 659359, 1034, 13, 0
1699, 2, 686, 747, 124, 0, 33.30%, 8, 0, 8, 584.60, 662310, 1035, 13, 0
1704, 2, 507, 750, 120, 0, 33.30%, 9, 0, 8, 560.22, 665269, 1035, 14, 0
1709, 2, 750, 753, 121, 1, 33.40%, 9, 0, 8, 522.56, 667761, 1038, 14, 0
1714, 2, 384, 754, 119, 0, 33.40%, 9, 0, 8, 500.30, 670356, 1038, 14, 0
1720, 2, 383, 754, 114, 0, 33.40%, 9, 0, 8, 521.03, 672948, 1038, 14, 0
1725, 2, 582, 754, 112, 0, 33.40%, 9, 0, 8, 474.73, 674462, 1038, 14, 0
1730, 2, 570, 754, 110, 0, 33.40%, 9, 0, 8, 469.93, 676825, 1038, 14, 0
1735, 2, 612, 754, 105, 0, 33.40%, 9, 0, 8, 458.98, 679225, 1038, 14, 0
1740, 2, 477, 757, 104, 0, 33.40%, 9, 0, 8, 546.90, 682053, 1038, 14, 0
1745, 2, 360, 757, 103, 0, 33.40%, 9, 0, 8, 576.54, 685075, 1038, 14, 0
1750, 2, 725, 758, 98, 0, 33.40%, 9, 0, 8, 606.09, 688187, 1038, 15, 0
1755, 2, 162, 759, 97, 0, 33.40%, 9, 0, 8, 595.00, 689943, 1038, 15, 0
1761, 2, 760, 761, 94, 1, 33.40%, 9, 0, 8, 582.17, 692785, 1038, 15, 0
1766, 2, 743, 761, 90, 0, 33.40%, 9, 0, 8, 488.39, 695239, 1038, 15, 0
1771, 2, 45, 761, 88, 0, 33.40%, 9, 0, 8, 393.99, 697190, 1038, 15, 0
1776, 2, 702, 761, 87, 0, 33.40%, 9, 0, 8, 420.62, 699615, 1038, 15, 0
1781, 2, 755, 761, 85, 0, 33.40%, 9, 0, 8, 403.82, 701631, 1038, 15, 0
1787, 2, 642, 762, 85, 0, 33.40%, 9, 0, 8, 81.97, 703487, 1038, 15, 0
1792, 2, 621, 762, 79, 0, 33.40%, 9, 0, 8, 528.58, 706303, 1038, 15, 0
1797, 2, 321, 762, 78, 0, 33.40%, 9, 0, 8, 527.78, 708988, 1038, 15, 0
1803, 2, 297, 762, 77, 0, 33.40%, 9, 0, 8, 551.20, 711872, 1038, 15, 0
1809, 2, 603, 764, 78, 0, 33.40%, 9, 0, 8, 468.78, 714423, 1038, 15, 0
1814, 2, 732, 767, 77, 0, 33.40%, 9, 0, 9, 475.88, 716803, 1038, 15, 0
1819, 2, 142, 767, 76, 0, 33.40%, 9, 0, 9, 5.90, 718119, 1038, 15, 0
1824, 2, 398, 767, 76, 0, 33.40%, 9, 0, 9, 434.93, 720489, 1038, 15, 0
1829, 2, 429, 767, 75, 0, 33.40%, 9, 0, 9, 431.55, 722564, 1038, 15, 0
1834, 2, 743, 767, 72, 0, 33.40%, 9, 0, 9, 484.49, 725120, 1038, 15, 0
1839, 2, 652, 768, 69, 0, 33.69%, 9, 0, 9, 529.54, 727877, 1047, 15, 0
1844, 2, 485, 768, 67, 0, 33.69%, 9, 0, 9, 472.10, 730372, 1047, 15, 0
1850, 2, 449, 768, 66, 0, 33.69%, 9, 0, 9, 26.00, 732288, 1047, 15, 0
1855, 2, 699, 768, 63, 0, 33.69%, 9, 0, 9, 407.28, 734215, 1047, 15, 0
1860, 2, 711, 768, 60, 0, 33.69%, 9, 0, 9, 400.94, 736061, 1047, 15, 0
1866, 2, 712, 768, 60, 0, 33.69%, 9, 0, 9, 412.53, 738401, 1047, 15, 0
1871, 2, 76, 768, 59, 0, 33.69%, 9, 0, 9, 450.92, 740710, 1047, 15, 0
1876, 2, 714, 768, 59, 0, 33.69%, 9, 0, 9, 400.14, 742678, 1047, 15, 0
1882, 2, 142, 768, 54, 0, 33.69%, 9, 0, 9, 98.74, 745427, 1047, 15, 0
1887, 2, 749, 768, 54, 0, 33.69%, 9, 0, 9, 556.21, 747541, 1047, 15, 0
1892, 2, 735, 769, 52, 0, 33.69%, 9, 0, 9, 599.86, 750561, 1047, 15, 0
1898, 2, 714, 770, 52, 0, 33.69%, 9, 0, 10, 559.74, 753517, 1047, 15, 0
1903, 2, 420, 770, 51, 0, 33.69%, 9, 0, 10, 402.18, 755387, 1047, 15, 0
1908, 2, 735, 772, 50, 0, 33.72%, 9, 0, 10, 448.06, 757528, 1048, 15, 0
1913, 2, 250, 772, 48, 0, 33.72%, 10, 0, 10, 417.51, 759678, 1048, 16, 0
1918, 2, 477, 772, 48, 0, 33.72%, 10, 0, 10, 465.72, 761228, 1048, 16, 0
1922, 2, 736, 774, 50, 0, 33.72%, 10, 0, 10, 466.37, 763030, 1048, 17, 0
