# relative_time, cycles_done, cur_item, corpus_count, pending_total, pending_favs, map_size, saved_crashes, saved_hangs, max_depth, execs_per_sec, total_execs, edges_found, total_crashes, servers_count
60, 0, 4, 177, 175, 96, 3.36%, 0, 0, 2, 100.49, 69010, 2205, 0, 0
65, 0, 4, 197, 195, 96, 3.44%, 1, 0, 2, 1136.50, 73660, 2253, 1, 0
71, 0, 4, 210, 208, 96, 3.49%, 1, 0, 2, 1139.05, 79383, 2285, 1, 0
76, 0, 8, 242, 238, 110, 3.52%, 1, 0, 2, 1116.76, 85079, 2310, 1, 0
81, 0, 8, 260, 256, 110, 3.56%, 1, 0, 2, 1148.79, 90815, 2330, 1, 0
86, 0, 9, 269, 264, 122, 3.58%, 1, 0, 2, 1172.74, 97046, 2346, 1, 0
91, 0, 15, 306, 298, 121, 3.58%, 1, 0, 2, 1026.31, 102250, 2346, 1, 0
96, 0, 15, 319, 311, 121, 3.58%, 1, 0, 2, 1004.59, 105180, 2346, 1, 0
101, 0, 23, 390, 375, 121, 3.60%, 1, 0, 2, 1001.48, 110261, 2360, 1, 0
106, 0, 34, 439, 420, 117, 3.62%, 1, 0, 2, 993.54, 115148, 2370, 1, 0
111, 0, 35, 448, 428, 117, 3.62%, 1, 0, 2, 816.35, 119000, 2370, 1, 0
116, 0, 35, 448, 428, 117, 3.62%, 1, 0, 2, 757.04, 122757, 2370, 1, 0
121, 0, 35, 448, 428, 117, 3.62%, 1, 0, 2, 760.90, 126597, 2370, 1, 0
127, 0, 35, 449, 429, 117, 3.70%, 1, 0, 2, 749.60, 129193, 2428, 1, 0
132, 0, 39, 514, 492, 121, 3.72%, 1, 0, 2, 850.79, 133782, 2436, 1, 0
137, 0, 39, 526, 504, 121, 3.72%, 1, 0, 2, 849.70, 137946, 2438, 1, 0
142, 0, 40, 547, 524, 122, 3.72%, 1, 0, 2, 757.77, 141419, 2438, 1, 0
147, 0, 40, 552, 529, 122, 3.72%, 1, 0, 2, 742.81, 144938, 2440, 1, 0
152, 0, 40, 553, 530, 122, 3.73%, 1, 0, 2, 655.85, 147947, 2442, 1, 0
157, 0, 40, 554, 531, 122, 3.73%, 1, 0, 2, 597.01, 150426, 2442, 1, 0
162, 0, 40, 558, 535, 122, 3.85%, 1, 0, 2, 618.98, 153598, 2520, 1, 0
167, 0, 44, 589, 565, 126, 3.88%, 1, 0, 2, 684.99, 157198, 2544, 1, 0
172, 0, 44, 593, 569, 126, 3.91%, 3, 0, 2, 832.16, 161643, 2563, 3, 0
177, 0, 44, 598, 574, 126, 3.96%, 3, 0, 2, 775.17, 165397, 2596, 3, 0
182, 0, 68, 602, 567, 128, 3.97%, 4, 0, 2, 1034.61, 171011, 2602, 5, 0
187, 0, 84, 623, 581, 121, 4.08%, 4, 0, 3, 91.48, 176087, 2677, 5, 0
192, 0, 84, 628, 586, 121, 4.08%, 4, 0, 3, 1181.56, 180574, 2677, 5, 0
198, 0, 84, 629, 587, 121, 4.08%, 4, 0, 3, 995.97, 185022, 2677, 5, 0
203, 0, 84, 629, 587, 121, 4.08%, 4, 0, 3, 1084.13, 190737, 2677, 5, 0
208, 0, 84, 629, 587, 121, 4.08%, 4, 0, 3, 1137.23, 196655, 2677, 5, 0
213, 0, 84, 629, 587, 121, 4.08%, 4, 0, 3, 1143.77, 202331, 2677, 5, 0
218, 0, 107, 629, 570, 114, 4.08%, 4, 0, 3, 961.41, 206978, 2677, 5, 0
223, 0, 448, 629, 562, 106, 4.08%, 4, 0, 3, 812.80, 209614, 2677, 5, 0
228, 0, 262, 631, 549, 91, 4.08%, 4, 0, 3, 975.00, 214887, 2677, 5, 0
233, 0, 148, 643, 553, 84, 4.11%, 4, 0, 3, 1175.11, 221147, 2693, 5, 0
238, 0, 148, 645, 555, 84, 4.11%, 4, 0, 3, 1033.48, 226350, 2693, 5, 0
244, 0, 148, 646, 556, 84, 4.11%, 4, 0, 3, 1022.69, 231357, 2693, 5, 0
249, 0, 148, 646, 556, 84, 4.11%, 4, 0, 3, 932.89, 236045, 2693, 5, 0
254, 0, 148, 646, 556, 84, 4.11%, 4, 0, 3, 932.65, 239231, 2693, 5, 0
259, 0, 148, 646, 556, 84, 4.11%, 4, 0, 3, 840.77, 243637, 2693, 5, 0
264, 0, 148, 647, 557, 84, 4.11%, 4, 0, 3, 950.99, 248580, 2693, 5, 0
269, 0, 148, 647, 557, 84, 4.11%, 4, 0, 3, 942.72, 253134, 2693, 5, 0
274, 0, 148, 647, 557, 84, 4.11%, 4, 0, 3, 1157.07, 259074, 2693, 5, 0
279, 0, 148, 647, 557, 84, 4.11%, 4, 0, 3, 1009.90, 264344, 2693, 5, 0
284, 0, 148, 647, 557, 84, 4.11%, 4, 0, 3, 1080.90, 267729, 2693, 5, 0
289, 0, 323, 653, 557, 82, 4.11%, 4, 0, 3, 1120.18, 273453, 2693, 5, 0
295, 0, 202, 658, 551, 73, 4.11%, 4, 0, 3, 1196.66, 279659, 2693, 5, 0
300, 0, 266, 666, 540, 56, 4.12%, 4, 0, 3, 1155.86, 285619, 2697, 5, 0
305, 0, 266, 669, 543, 56, 4.12%, 4, 0, 3, 1110.19, 291175, 2697, 5, 0
310, 0, 266, 673, 547, 56, 4.13%, 4, 0, 3, 1182.37, 297168, 2705, 5, 0
315, 0, 311, 680, 551, 56, 4.13%, 4, 0, 3, 5.91, 301532, 2705, 5, 0
321, 0, 366, 684, 550, 51, 4.13%, 4, 0, 3, 1121.64, 307379, 2705, 5, 0
326, 0, 430, 689, 551, 50, 4.13%, 5, 0, 3, 1002.65, 312037, 2705, 6, 0
331, 0, 430, 698, 560, 50, 4.14%, 5, 0, 3, 935.60, 316608, 2710, 6, 0
337, 0, 449, 702, 563, 50, 4.14%, 5, 0, 3, 995.53, 322624, 2710, 6, 0
342, 0, 521, 703, 559, 46, 4.15%, 5, 0, 3, 822.26, 326694, 2720, 6, 0
347, 0, 552, 703, 555, 42, 4.15%, 5, 0, 3, 25.07, 329080, 2720, 6, 0
352, 0, 555, 709, 559, 40, 4.15%, 5, 0, 3, 885.24, 333307, 2720, 6, 0
357, 0, 592, 713, 552, 32, 4.15%, 5, 0, 3, 1042.41, 339214, 2721, 6, 0
362, 0, 603, 715, 543, 21, 4.15%, 5, 0, 4, 1067.56, 344595, 2721, 6, 0
367, 0, 682, 716, 533, 12, 4.16%, 5, 0, 4, 878.86, 349128, 2725, 6, 0
373, 0, 678, 718, 530, 9, 4.16%, 5, 0, 4, 879.97, 353582, 2726, 6, 0
378, 0, 717, 724, 534, 8, 4.17%, 6, 0, 5, 112.90, 356716, 2733, 7, 0
383, 0, 717, 725, 535, 8, 4.17%, 6, 0, 5, 912.45, 360225, 2733, 7, 0
388, 0, 717, 726, 536, 8, 4.17%, 6, 0, 5, 1107.49, 366146, 2733, 7, 0
393, 0, 723, 727, 527, 2, 4.17%, 6, 0, 6, 1179.07, 372325, 2733, 7, 0
398, 0, 374, 728, 522, 0, 4.17%, 6, 0, 6, 1044.26, 377532, 2733, 7, 0
403, 0, 537, 730, 519, 0, 4.17%, 6, 0, 6, 1069.18, 382703, 2733, 7, 0
408, 0, 97, 733, 515, 0, 4.18%, 6, 0, 6, 1132.51, 388544, 2738, 7, 0
413, 0, 606, 736, 515, 0, 4.18%, 6, 0, 6, 850.56, 391530, 2738, 7, 0
419, 0, 683, 736, 510, 0, 4.18%, 6, 0, 6, 896.10, 397042, 2738, 7, 0
424, 0, 728, 736, 508, 0, 4.18%, 6, 0, 6, 900.85, 401730, 2738, 7, 0
429, 0, 632, 741, 510, 0, 4.18%, 6, 0, 6, 959.76, 406350, 2738, 7, 0
434, 0, 499, 742, 508, 0, 4.18%, 6, 0, 6, 998.24, 411622, 2738, 7, 0
440, 0, 680, 742, 502, 0, 4.18%, 6, 0, 6, 1073.08, 417420, 2738, 7, 0
445, 0, 381, 743, 500, 0, 4.18%, 6, 0, 6, 1091.46, 420924, 2738, 7, 0
450, 0, 684, 746, 500, 0, 4.18%, 6, 0, 6, 1157.30, 426745, 2738, 7, 0
455, 0, 593, 748, 493, 0, 4.18%, 6, 0, 6, 1113.34, 432291, 2738, 7, 0
460, 0, 644, 749, 490, 0, 4.18%, 6, 0, 6, 1090.37, 437793, 2742, 7, 0
465, 0, 506, 752, 489, 0, 4.18%, 6, 0, 6, 1084.48, 443197, 2742, 7, 0
470, 0, 67, 753, 480, 0, 4.18%, 6, 0, 6, 1112.06, 448824, 2742, 7, 0
475, 0, 175, 762, 488, 0, 4.18%, 6, 0, 6, 643.13, 451303, 2742, 7, 0
480, 0, 175, 766, 492, 0, 4.18%, 6, 0, 6, 619.34, 454535, 2742, 7, 0
485, 0, 175, 766, 492, 0, 4.18%, 6, 0, 6, 516.33, 457209, 2742, 7, 0
492, 0, 363, 767, 492, 0, 4.18%, 6, 0, 6, 681.60, 462426, 2742, 7, 0
497, 0, 375, 767, 487, 0, 4.18%, 6, 0, 6, 938.81, 467719, 2742, 7, 0
503, 0, 347, 767, 484, 0, 4.18%, 6, 0, 6, 941.27, 472153, 2742, 7, 0
508, 0, 364, 768, 481, 0, 4.18%, 6, 0, 6, 859.52, 475165, 2742, 7, 0
513, 0, 257, 770, 476, 0, 4.19%, 6, 0, 6, 1012.16, 480545, 2744, 7, 0
518, 0, 42, 770, 472, 0, 4.19%, 6, 0, 6, 1061.34, 486099, 2744, 7, 0
523, 0, 611, 770, 469, 0, 4.19%, 6, 0, 6, 1018.94, 490749, 2744, 7, 0
528, 0, 733, 771, 464, 0, 4.19%, 6, 0, 6, 1023.10, 496074, 2744, 7, 0
533, 0, 314, 771, 459, 0, 4.19%, 6, 0, 6, 1002.31, 501168, 2744, 7, 0
538, 0, 581, 771, 456, 0, 4.19%, 6, 0, 6, 1073.71, 504924, 2744, 7, 0
543, 0, 665, 771, 453, 0, 4.19%, 6, 0, 6, 1052.51, 509775, 2744, 7, 0
548, 0, 603, 775, 451, 0, 4.19%, 6, 0, 6, 954.97, 514520, 2746, 7, 0
554, 0, 339, 775, 445, 0, 4.19%, 6, 0, 6, 856.32, 519065, 2746, 7, 0
559, 0, 601, 776, 440, 0, 4.19%, 6, 0, 6, 932.47, 523875, 2746, 7, 0
564, 0, 541, 776, 435, 0, 4.19%, 6, 0, 6, 1004.28, 528992, 2746, 8, 0
569, 0, 419, 777, 434, 0, 4.20%, 6, 0, 7, 14.65, 532397, 2750, 8, 0
574, 0, 736, 777, 428, 0, 4.20%, 6, 0, 7, 970.20, 537292, 2750, 8, 0
579, 0, 354, 777, 426, 0, 4.20%, 6, 0, 7, 776.09, 540924, 2750, 8, 0
585, 0, 442, 778, 422, 0, 4.20%, 6, 0, 7, 935.78, 545639, 2750, 8, 0
590, 1, 118, 781, 417, 0, 4.20%, 6, 0, 7, 979.81, 550604, 2750, 8, 0
595, 1, 388, 783, 409, 0, 4.23%, 6, 0, 7, 1018.88, 556130, 2769, 8, 0
601, 1, 533, 783, 401, 0, 4.23%, 6, 0, 7, 138.64, 561016, 2769, 8, 0
606, 1, 502, 787, 398, 0, 4.23%, 6, 0, 7, 1021.00, 566646, 2769, 8, 0
612, 1, 567, 787, 389, 0, 4.23%, 6, 0, 7, 994.93, 571625, 2769, 8, 0
617, 1, 777, 789, 383, 0, 4.23%, 6, 0, 7, 1005.35, 576916, 2769, 8, 0
622, 1, 274, 789, 378, 0, 4.23%, 6, 0, 7, 958.39, 581679, 2769, 8, 0
627, 1, 246, 789, 370, 0, 4.23%, 6, 0, 7, 834.53, 586119, 2769, 8, 0
632, 1, 678, 789, 366, 0, 4.23%, 6, 0, 7, 27.06, 589084, 2769, 8, 0
637, 1, 681, 789, 360, 0, 4.23%, 6, 0, 7, 1016.88, 592920, 2769, 8, 0
642, 1, 668, 790, 355, 0, 4.23%, 6, 0, 7, 1028.99, 598245, 2769, 8, 0
647, 1, 386, 790, 346, 0, 4.23%, 6, 0, 7, 1141.95, 604265, 2769, 8, 0
652, 1, 487, 790, 335, 0, 4.23%, 6, 0, 7, 1081.57, 609561, 2769, 9, 0
657, 1, 731, 792, 325, 0, 4.23%, 6, 0, 7, 1086.25, 615292, 2769, 9, 0
663, 1, 308, 795, 327, 0, 4.23%, 6, 0, 7, 940.02, 619893, 2769, 9, 0
668, 1, 298, 797, 325, 0, 4.23%, 7, 0, 7, 1105.99, 623227, 2769, 10, 0
673, 1, 599, 802, 322, 0, 4.25%, 8, 0, 7, 1079.82, 628479, 2783, 11, 0
678, 1, 599, 804, 324, 0, 4.26%, 9, 0, 7, 1051.01, 633650, 2789, 13, 0
683, 1, 775, 807, 323, 0, 4.26%, 9, 0, 7, 1155.82, 639772, 2789, 14, 0
688, 1, 366, 807, 316, 0, 4.26%, 9, 0, 7, 1103.97, 645323, 2789, 14, 0
693, 1, 317, 812, 312, 0, 4.26%, 9, 0, 7, 1164.24, 651404, 2789, 14, 0
700, 1, 532, 812, 307, 0, 4.26%, 9, 0, 7, 1115.07, 656803, 2789, 14, 0
705, 1, 309, 812, 300, 0, 4.26%, 9, 0, 7, 1079.38, 662301, 2789, 14, 0
710, 1, 329, 812, 289, 0, 4.26%, 9, 0, 7, 1064.45, 667871, 2789, 14, 0
715, 1, 372, 812, 281, 0, 4.26%, 9, 0, 7, 1045.17, 673410, 2789, 14, 0
721, 1, 481, 813, 278, 0, 4.26%, 9, 0, 7, 1043.18, 678686, 2789, 14, 0
726, 1, 258, 817, 273, 0, 4.26%, 9, 0, 7, 1094.25, 684503, 2789, 14, 0
731, 1, 786, 822, 276, 0, 4.26%, 9, 0, 7, 1087.36, 688238, 2789, 14, 0
736, 1, 464, 822, 264, 0, 4.26%, 9, 0, 7, 1160.31, 694347, 2789, 14, 0
741, 1, 682, 823, 259, 0, 4.26%, 9, 0, 7, 1108.51, 699621, 2789, 14, 0
746, 1, 630, 823, 250, 0, 4.26%, 9, 0, 7, 1186.95, 705683, 2789, 14, 0
751, 1, 476, 824, 239, 0, 4.26%, 9, 0, 7, 1130.67, 711308, 2789, 14, 0
757, 1, 683, 826, 229, 0, 4.26%, 9, 0, 7, 1124.34, 717296, 2789, 14, 0
762, 1, 793, 826, 225, 0, 4.26%, 9, 0, 7, 1263.44, 721274, 2789, 14, 0
767, 1, 682, 826, 220, 0, 4.26%, 9, 0, 7, 1244.88, 727363, 2789, 14, 0
772, 1, 816, 828, 217, 0, 4.26%, 9, 0, 7, 1023.99, 732528, 2789, 14, 0
777, 1, 383, 829, 211, 0, 4.26%, 9, 0, 8, 1074.59, 737968, 2789, 14, 0
782, 1, 680, 829, 205, 0, 4.26%, 9, 0, 8, 1038.87, 743084, 2789, 14, 0
787, 1, 799, 831, 204, 0, 4.26%, 10, 0, 8, 1018.40, 748589, 2789, 15, 0
792, 1, 136, 831, 199, 0, 4.26%, 10, 0, 8, 1197.03, 752622, 2789, 15, 0
797, 1, 523, 831, 191, 0, 4.26%, 10, 0, 8, 1159.10, 758393, 2789, 15, 0
802, 1, 107, 831, 184, 0, 4.26%, 10, 0, 8, 1179.89, 764180, 2789, 15, 0
807, 1, 319, 832, 176, 0, 4.26%, 10, 0, 8, 1176.83, 770349, 2789, 15, 0
812, 1, 543, 835, 174, 0, 4.26%, 10, 0, 8, 1194.06, 776405, 2794, 15, 0
817, 1, 412, 835, 167, 0, 4.26%, 10, 0, 8, 995.13, 781269, 2794, 15, 0
823, 1, 751, 836, 164, 0, 4.26%, 10, 0, 8, 3.92, 785276, 2794, 15, 0
828, 1, 306, 836, 153, 0, 4.26%, 10, 0, 8, 1094.11, 790845, 2794, 15, 0
833, 1, 142, 836, 147, 0, 4.26%, 10, 0, 8, 1163.28, 796560, 2794, 15, 0
838, 1, 733, 836, 141, 0, 4.26%, 11, 0, 8, 1053.47, 801665, 2794, 16, 0
843, 1, 201, 837, 134, 0, 4.26%, 11, 0, 8, 1152.56, 807599, 2794, 16, 0
849, 1, 733, 840, 129, 0, 4.26%, 11, 0, 8, 1090.51, 812975, 2794, 16, 0
854, 1, 842, 844, 131, 1, 4.28%, 11, 0, 8, 191.18, 818241, 2804, 16, 0
859, 2, 490, 844, 126, 0, 4.28%, 11, 0, 8, 1027.58, 822335, 2804, 16, 0
864, 2, 772, 849, 129, 0, 4.28%, 12, 0, 8, 1044.64, 827893, 2806, 17, 0
869, 2, 772, 852, 132, 0, 4.29%, 12, 0, 8, 1027.05, 833054, 2813, 17, 0
874, 2, 849, 858, 138, 2, 4.29%, 12, 0, 8, 1127.53, 838835, 2813, 17, 0
879, 2, 850, 859, 138, 2, 4.29%, 12, 0, 8, 1135.08, 844819, 2813, 17, 0
884, 2, 851, 860, 132, 0, 4.29%, 12, 0, 8, 1180.64, 850671, 2813, 17, 0
889, 2, 257, 862, 131, 0, 4.29%, 12, 0, 8, 1175.39, 854515, 2813, 17, 0
894, 2, 807, 864, 127, 0, 4.29%, 12, 0, 8, 1111.42, 860061, 2813, 17, 0
900, 2, 865, 866, 123, 1, 4.30%, 12, 0, 8, 1115.81, 865537, 2820, 17, 0
905, 2, 860, 867, 121, 0, 4.30%, 12, 0, 8, 1130.37, 871358, 2820, 17, 0
910, 2, 289, 867, 117, 0, 4.30%, 12, 0, 8, 1063.51, 876756, 2820, 17, 0
915, 2, 733, 869, 108, 0, 4.30%, 12, 0, 8, 1152.48, 882828, 2820, 17, 0
920, 2, 683, 871, 110, 0, 4.30%, 12, 0, 8, 1131.54, 886966, 2820, 17, 0
925, 2, 873, 874, 110, 1, 4.30%, 12, 0, 8, 975.10, 891620, 2821, 17, 0
930, 2, 834, 877, 110, 0, 4.30%, 12, 0, 8, 991.21, 895672, 2821, 17, 0
936, 2, 760, 882, 114, 0, 4.30%, 12, 0, 8, 798.07, 899666, 2821, 17, 0
941, 2, 361, 882, 109, 0, 4.30%, 12, 0, 8, 892.64, 904198, 2821, 17, 0
946, 2, 382, 883, 102, 0, 4.30%, 12, 0, 8, 1035.83, 909952, 2821, 17, 0
951, 2, 494, 883, 100, 0, 4.30%, 12, 0, 8, 1289.60, 913204, 2821, 17, 0
956, 2, 37, 884, 97, 0, 4.30%, 12, 0, 8, 1057.44, 918417, 2821, 17, 0
961, 2, 877, 888, 97, 0, 4.31%, 12, 0, 8, 1060.24, 923716, 2826, 17, 0
966, 2, 792, 888, 91, 0, 4.31%, 12, 0, 8, 1078.83, 929160, 2826, 17, 0
972, 2, 879, 892, 92, 0, 4.31%, 12, 0, 8, 1103.51, 934824, 2826, 17, 0
977, 2, 891, 896, 92, 0, 4.31%, 12, 0, 8, 963.96, 939795, 2826, 17, 0
982, 2, 290, 896, 91, 0, 4.31%, 12, 0, 8, 7.80, 943372, 2826, 17, 0
987, 2, 197, 896, 84, 0, 4.31%, 12, 0, 8, 1016.99, 948860, 2826, 17, 0
992, 2, 461, 897, 81, 0, 4.31%, 12, 0, 8, 1040.66, 953885, 2826, 17, 0
997, 2, 897, 906, 89, 1, 4.32%, 12, 0, 8, 1089.27, 959556, 2832, 17, 0
1002, 2, 897, 906, 89, 1, 4.32%, 12, 0, 8, 1074.67, 964884, 2832, 17, 0
1009, 2, 454, 908, 89, 3, 4.32%, 12, 0, 8, 1076.79, 971957, 2832, 17, 0
1014, 2, 402, 908, 84, 0, 4.32%, 12, 0, 8, 1195.00, 975852, 2832, 17, 0
1019, 2, 63, 909, 82, 0, 4.32%, 12, 0, 8, 948.33, 980383, 2832, 17, 0
1024, 2, 894, 913, 85, 0, 4.32%, 12, 0, 8, 867.25, 984624, 2832, 17, 0
1029, 2, 843, 913, 82, 0, 4.32%, 12, 0, 8, 964.20, 989873, 2832, 17, 0
1034, 2, 838, 916, 81, 0, 4.32%, 12, 0, 8, 1024.40, 995147, 2832, 17, 0
1039, 2, 192, 916, 76, 0, 4.32%, 12, 0, 8, 1031.53, 1000366, 2832, 17, 0
1045, 2, 724, 917, 73, 0, 4.32%, 12, 0, 8, 1082.65, 1005613, 2832, 18, 0
1050, 2, 909, 917, 72, 0, 4.32%, 12, 0, 8, 1182.69, 1010346, 2832, 18, 0
1055, 2, 889, 918, 70, 0, 4.32%, 12, 0, 8, 893.47, 1014124, 2832, 18, 0
1061, 2, 733, 918, 66, 0, 4.32%, 12, 0, 8, 1016.55, 1019218, 2832, 19, 0
1066, 2, 249, 918, 63, 0, 4.32%, 12, 0, 8, 570.96, 1021510, 2832, 19, 0
1071, 2, 726, 918, 59, 0, 4.32%, 12, 0, 8, 549.48, 1024263, 2832, 19, 0
1076, 2, 100, 918, 57, 0, 4.32%, 12, 0, 8, 20.92, 1029515, 2832, 19, 0
1081, 2, 617, 918, 53, 0, 4.32%, 12, 0, 8, 1129.24, 1034072, 2832, 19, 0
1087, 2, 918, 922, 52, 0, 4.32%, 12, 0, 8, 1105.58, 1039555, 2833, 19, 0
1092, 2, 246, 922, 51, 0, 4.32%, 12, 0, 8, 1134.89, 1045307, 2833, 19, 0
1097, 2, 192, 922, 48, 0, 4.32%, 12, 0, 8, 1127.00, 1051347, 2833, 19, 0
1102, 2, 429, 927, 52, 0, 4.32%, 12, 0, 8, 1126.79, 1057589, 2833, 19, 0
1109, 2, 906, 927, 48, 0, 4.32%, 12, 0, 8, 16.16, 1062540, 2833, 19, 0
1114, 2, 726, 927, 46, 0, 4.32%, 12, 0, 8, 668.40, 1065757, 2833, 19, 0
1119, 2, 927, 929, 46, 0, 4.32%, 12, 0, 8, 997.13, 1071464, 2833, 19, 0
1125, 2, 192, 929, 43, 0, 4.32%, 12, 0, 8, 1141.63, 1077371, 2833, 19, 0
1130, 3, 736, 929, 39, 0, 4.32%, 12, 0, 8, 1063.65, 1082856, 2833, 19, 0
1135, 3, 922, 929, 35, 0, 4.32%, 12, 0, 8, 1164.87, 1089039, 2833, 19, 0
1140, 3, 516, 929, 34, 0, 4.32%, 12, 0, 8, 147.67, 1093960, 2833, 19, 0
1145, 3, 732, 929, 32, 0, 4.32%, 13, 0, 8, 1064.17, 1098500, 2833, 20, 0
1150, 3, 661, 930, 32, 0, 4.32%, 13, 0, 8, 864.63, 1102208, 2833, 20, 0
1155, 3, 807, 931, 32, 0, 4.32%, 13, 0, 8, 1044.91, 1108059, 2833, 20, 0
1160, 3, 142, 932, 30, 0, 4.32%, 13, 0, 8, 1062.75, 1113637, 2833, 20, 0
1166, 3, 843, 932, 28, 0, 4.32%, 13, 0, 8, 1199.40, 1119934, 2833, 20, 0
1171, 3, 650, 932, 28, 0, 4.32%, 13, 0, 8, 1183.10, 1125880, 2833, 21, 0
1176, 3, 832, 932, 28, 0, 4.32%, 13, 0, 8, 1247.65, 1130105, 2833, 21, 0
1183, 3, 351, 932, 28, 0, 4.32%, 13, 0, 8, 1171.34, 1138363, 2833, 21, 0
1188, 3, 340, 933, 29, 0, 4.32%, 13, 0, 8, 1095.20, 1144063, 2833, 21, 0
1193, 3, 910, 933, 26, 0, 4.32%, 13, 0, 8, 1138.48, 1149609, 2833, 21, 0
1198, 3, 412, 933, 24, 0, 4.32%, 13, 0, 8, 1145.72, 1155377, 2833, 21, 0
1204, 3, 552, 939, 29, 0, 4.32%, 13, 0, 8, 1149.55, 1160789, 2834, 21, 0
1210, 3, 446, 941, 30, 0, 4.33%, 13, 0, 8, 1130.01, 1166461, 2835, 21, 0
1215, 3, 618, 941, 29, 0, 4.33%, 13, 0, 8, 789.04, 1170346, 2835, 21, 0
1220, 3, 165, 943, 28, 0, 4.34%, 13, 0, 8, 1090.57, 1176434, 2847, 21, 0
1225, 3, 727, 944, 26, 0, 4.34%, 13, 0, 8, 1284.12, 1181460, 2847, 21, 0
1230, 3, 683, 944, 24, 0, 4.34%, 13, 0, 8, 1125.39, 1186241, 2847, 22, 0
1235, 3, 904, 945, 23, 0, 4.34%, 14, 0, 8, 23.87, 1191137, 2847, 23, 0
1240, 3, 449, 945, 21, 0, 4.34%, 14, 0, 8, 920.63, 1196103, 2847, 23, 0
1245, 3, 182, 946, 20, 0, 4.35%, 14, 0, 8, 1111.67, 1201936, 2851, 23, 0
1252, 3, 521, 946, 19, 0, 4.35%, 14, 0, 8, 129.11, 1207698, 2851, 23, 0
1257, 3, 709, 946, 18, 0, 4.35%, 14, 0, 8, 1165.97, 1213686, 2851, 23, 0
1262, 3, 591, 946, 18, 0, 4.35%, 14, 0, 8, 1159.83, 1219445, 2851, 23, 0
1268, 3, 444, 946, 18, 0, 4.35%, 14, 0, 8, 939.57, 1224624, 2851, 23, 0
1273, 3, 671, 948, 19, 0, 4.35%, 14, 0, 8, 1054.15, 1230240, 2851, 23, 0
1278, 3, 945, 949, 20, 0, 4.35%, 14, 0, 8, 1022.03, 1235543, 2851, 23, 0
1283, 3, 591, 949, 20, 0, 4.35%, 14, 0, 8, 1071.28, 1241112, 2851, 23, 0
1288, 3, 272, 949, 19, 0, 4.35%, 14, 0, 8, 1096.38, 1246747, 2851, 23, 0
1293, 4, 107, 950, 19, 0, 4.35%, 14, 0, 8, 1045.53, 1251953, 2851, 23, 0
1299, 4, 682, 950, 19, 0, 4.35%, 14, 0, 8, 25.86, 1255838, 2851, 23, 0
1304, 4, 377, 950, 17, 0, 4.35%, 14, 0, 8, 1108.72, 1261504, 2851, 23, 0
1309, 4, 530, 950, 16, 0, 4.35%, 14, 0, 8, 816.31, 1265248, 2851, 23, 0
1314, 4, 864, 950, 16, 0, 4.35%, 14, 0, 8, 887.63, 1269247, 2851, 23, 0
1319, 4, 948, 950, 16, 0, 4.35%, 14, 0, 8, 1007.32, 1274695, 2851, 23, 0
1324, 4, 944, 951, 16, 0, 4.35%, 14, 0, 8, 956.05, 1279424, 2851, 23, 0
1330, 4, 864, 952, 17, 0, 4.35%, 14, 0, 8, 888.88, 1283987, 2851, 23, 0
1335, 4, 729, 953, 16, 0, 4.35%, 14, 0, 8, 1017.57, 1289164, 2851, 23, 0
1341, 4, 606, 953, 14, 0, 4.35%, 14, 0, 8, 1012.17, 1294387, 2851, 23, 0
1346, 4, 146, 955, 15, 0, 4.35%, 14, 0, 8, 1132.14, 1298318, 2851, 23, 0
1351, 4, 884, 955, 15, 0, 4.35%, 14, 0, 8, 1092.42, 1303947, 2851, 23, 0
1356, 4, 217, 957, 15, 0, 4.35%, 14, 0, 8, 1025.38, 1309258, 2851, 23, 0
1361, 4, 941, 958, 13, 0, 4.35%, 14, 0, 8, 1150.46, 1315320, 2851, 23, 0
1366, 4, 358, 958, 12, 0, 4.35%, 14, 0, 8, 1290.01, 1320511, 2851, 23, 0
1371, 4, 593, 958, 12, 0, 4.35%, 14, 0, 8, 1183.55, 1325886, 2851, 23, 0
1376, 4, 864, 960, 13, 0, 4.36%, 14, 0, 8, 1199.88, 1332036, 2855, 23, 0
1382, 4, 961, 962, 14, 1, 4.36%, 14, 0, 8, 1044.72, 1337131, 2855, 23, 0
1387, 4, 916, 962, 13, 0, 4.36%, 14, 0, 8, 933.13, 1341838, 2855, 23, 0
1392, 4, 899, 962, 12, 0, 4.36%, 14, 0, 8, 1051.78, 1347437, 2855, 23, 0
1397, 4, 903, 963, 13, 0, 4.36%, 14, 0, 8, 1198.41, 1350612, 2855, 23, 0
1402, 4, 780, 963, 13, 0, 4.36%, 14, 0, 8, 1116.09, 1355952, 2855, 23, 0
1407, 4, 682, 963, 13, 0, 4.36%, 14, 0, 8, 1152.52, 1361798, 2855, 23, 0
1414, 4, 873, 963, 13, 0, 4.36%, 14, 0, 8, 1153.90, 1369757, 2855, 23, 0
1419, 4, 962, 963, 13, 0, 4.36%, 14, 0, 8, 1146.89, 1375424, 2855, 23, 0
1424, 4, 916, 963, 11, 0, 4.36%, 14, 0, 8, 1186.64, 1381393, 2855, 23, 0
1429, 4, 147, 963, 11, 0, 4.36%, 14, 0, 8, 1233.25, 1385442, 2855, 23, 0
1434, 4, 956, 963, 10, 0, 4.36%, 14, 0, 8, 1212.57, 1391588, 2855, 23, 0
1439, 4, 781, 963, 9, 0, 4.36%, 14, 0, 8, 1134.81, 1397341, 2855, 23, 0
1444, 4, 733, 963, 9, 0, 4.36%, 15, 0, 8, 1152.88, 1403371, 2855, 24, 0
1449, 4, 726, 963, 9, 0, 4.36%, 15, 0, 8, 1112.86, 1409060, 2855, 24, 0
1455, 5, 21, 963, 9, 0, 4.36%, 16, 0, 8, 1111.95, 1414803, 2855, 25, 0
1460, 5, 183, 963, 9, 0, 4.36%, 16, 0, 8, 981.40, 1418515, 2855, 25, 0
1465, 5, 201, 963, 9, 0, 4.36%, 16, 0, 8, 1084.33, 1424122, 2855, 25, 0
1470, 5, 283, 963, 9, 0, 4.36%, 16, 0, 8, 1127.45, 1429956, 2855, 25, 0
1475, 5, 963, 964, 9, 0, 4.36%, 16, 0, 8, 1204.75, 1436242, 2855, 25, 0
1480, 5, 587, 964, 9, 0, 4.36%, 16, 0, 8, 1127.37, 1441875, 2855, 25, 0
1485, 5, 931, 966, 10, 0, 4.36%, 16, 0, 8, 1145.71, 1447824, 2855, 25, 0
1490, 5, 606, 966, 10, 0, 4.36%, 16, 0, 8, 1280.00, 1451597, 2855, 25, 0
1495, 5, 658, 967, 9, 0, 4.36%, 16, 0, 8, 1193.40, 1457466, 2855, 25, 0
1501, 5, 509, 967, 9, 0, 4.36%, 16, 0, 8, 1172.57, 1463276, 2855, 25, 0
1506, 5, 207, 968, 9, 0, 4.36%, 16, 0, 8, 1138.73, 1468982, 2855, 25, 0
1511, 5, 393, 968, 8, 0, 4.36%, 16, 0, 8, 1135.28, 1474757, 2855, 25, 0
1516, 5, 838, 968, 8, 0, 4.36%, 16, 0, 8, 1176.79, 1480814, 2855, 25, 0
1521, 5, 802, 970, 10, 0, 4.36%, 16, 0, 8, 82.78, 1485802, 2855, 25, 0
1526, 5, 678, 971, 11, 0, 4.36%, 16, 0, 8, 1185.84, 1490743, 2855, 25, 0
1533, 5, 682, 972, 11, 0, 4.36%, 16, 0, 8, 1135.50, 1498549, 2855, 25, 0
1538, 5, 446, 972, 9, 0, 4.36%, 16, 0, 8, 1155.44, 1504492, 2855, 25, 0
1543, 5, 957, 974, 8, 0, 4.36%, 16, 0, 8, 1174.87, 1510397, 2855, 25, 0
1548, 5, 721, 974, 8, 0, 4.36%, 16, 0, 8, 1168.18, 1516404, 2855, 25, 0
1554, 5, 973, 974, 8, 0, 4.36%, 16, 0, 8, 226.36, 1520848, 2855, 25, 0
1559, 5, 838, 974, 7, 0, 4.36%, 16, 0, 8, 1154.54, 1526754, 2855, 25, 0
1564, 5, 263, 974, 7, 0, 4.36%, 16, 0, 8, 1172.60, 1532851, 2855, 26, 0
1569, 5, 521, 975, 7, 0, 4.36%, 16, 0, 8, 1164.70, 1538629, 2858, 26, 0
1574, 5, 866, 975, 7, 0, 4.36%, 16, 0, 8, 1096.38, 1544191, 2858, 27, 0
1579, 5, 378, 977, 8, 0, 4.36%, 16, 0, 8, 1133.24, 1549490, 2858, 27, 0
1585, 5, 326, 978, 9, 0, 4.36%, 16, 0, 8, 179.76, 1554750, 2860, 27, 0
1590, 5, 243, 979, 9, 0, 4.36%, 16, 0, 8, 1163.30, 1559212, 2860, 27, 0
1595, 5, 114, 980, 9, 0, 4.36%, 16, 0, 8, 1077.13, 1564603, 2860, 28, 0
1600, 5, 979, 981, 10, 0, 4.36%, 16, 0, 8, 916.17, 1568870, 2860, 28, 0
1605, 5, 518, 981, 9, 0, 4.36%, 16, 0, 8, 1058.53, 1574511, 2860, 28, 0
1610, 5, 769, 981, 8, 0, 4.36%, 16, 0, 8, 1076.03, 1580188, 2860, 28, 0
1615, 6, 977, 982, 7, 0, 4.36%, 16, 0, 8, 1180.92, 1586327, 2860, 28, 0
1620, 6, 683, 983, 8, 0, 4.37%, 16, 0, 8, 1171.08, 1590010, 2861, 28, 0
1625, 6, 864, 984, 8, 0, 4.37%, 16, 0, 8, 1057.72, 1595125, 2861, 28, 0
1630, 6, 984, 986, 9, 0, 4.38%, 16, 0, 8, 1147.57, 1600865, 2868, 28, 0
1635, 6, 680, 987, 8, 0, 4.38%, 16, 0, 8, 1243.52, 1607138, 2869, 28, 0
1641, 6, 103, 987, 8, 0, 4.38%, 16, 0, 8, 1194.08, 1613020, 2869, 28, 0
1646, 6, 985, 990, 11, 0, 4.39%, 16, 0, 8, 1217.00, 1619097, 2877, 28, 0
1651, 6, 985, 990, 11, 0, 4.39%, 16, 0, 8, 1235.93, 1623273, 2877, 28, 0
1656, 6, 989, 995, 15, 2, 4.39%, 16, 0, 8, 1227.54, 1629532, 2877, 28, 0
1661, 6, 989, 997, 17, 2, 4.39%, 16, 0, 8, 1237.43, 1636008, 2877, 28, 0
1666, 6, 989, 997, 17, 2, 4.39%, 16, 0, 8, 1282.19, 1642542, 2877, 28, 0
1671, 6, 989, 997, 17, 2, 4.39%, 16, 0, 8, 1256.31, 1648824, 2877, 28, 0
1677, 6, 931, 997, 15, 0, 4.39%, 16, 0, 8, 1239.56, 1655226, 2877, 28, 0
1682, 6, 832, 997, 15, 0, 4.39%, 16, 0, 8, 979.01, 1658691, 2877, 28, 0
1687, 6, 783, 997, 14, 0, 4.39%, 16, 0, 8, 1118.13, 1664423, 2877, 28, 0
1692, 6, 832, 997, 14, 0, 4.39%, 16, 0, 8, 1147.12, 1670104, 2877, 28, 0
1697, 6, 454, 999, 14, 0, 4.39%, 16, 0, 8, 1152.49, 1676022, 2877, 28, 0
1702, 6, 613, 999, 13, 0, 4.39%, 16, 0, 8, 1185.31, 1681876, 2877, 28, 0
1707, 6, 980, 1004, 18, 0, 4.39%, 16, 0, 8, 978.57, 1687165, 2877, 28, 0
1713, 6, 980, 1004, 18, 0, 4.39%, 16, 0, 8, 1.94, 1689765, 2877, 28, 0
1718, 6, 981, 1005, 18, 0, 4.39%, 16, 0, 8, 699.86, 1693550, 2877, 28, 0
1723, 6, 1006, 1009, 21, 1, 4.39%, 17, 0, 8, 906.33, 1699119, 2880, 31, 0
1728, 6, 107, 1009, 16, 0, 4.39%, 19, 0, 8, 1095.17, 1704878, 2880, 33, 0
1734, 6, 961, 1012, 14, 0, 4.40%, 19, 0, 9, 1077.13, 1710368, 2884, 33, 0
1740, 6, 764, 1013, 13, 0, 4.40%, 19, 0, 9, 1059.16, 1716860, 2885, 33, 0
1746, 6, 899, 1013, 12, 0, 4.40%, 19, 0, 9, 1046.53, 1720732, 2885, 33, 0
1751, 6, 955, 1014, 13, 0, 4.40%, 19, 0, 9, 1126.59, 1726607, 2885, 33, 0
1756, 6, 1006, 1016, 14, 0, 4.40%, 19, 0, 9, 1107.06, 1732178, 2885, 33, 0
1761, 6, 115, 1016, 14, 0, 4.40%, 19, 0, 9, 1068.20, 1737642, 2885, 34, 0
1767, 6, 587, 1016, 12, 0, 4.40%, 19, 0, 9, 927.14, 1743029, 2885, 34, 0
1772, 6, 963, 1016, 12, 0, 4.40%, 19, 0, 9, 844.15, 1746999, 2885, 34, 0
1777, 6, 941, 1016, 12, 0, 4.40%, 19, 0, 9, 898.85, 1750111, 2885, 34, 0
1783, 6, 856, 1017, 12, 0, 4.40%, 19, 0, 9, 931.20, 1754876, 2885, 34, 0
1788, 6, 171, 1017, 12, 0, 4.40%, 19, 0, 9, 972.08, 1759656, 2885, 34, 0
1793, 6, 100, 1017, 10, 0, 4.40%, 19, 0, 9, 1101.12, 1765403, 2885, 34, 0
1798, 6, 931, 1017, 9, 0, 4.40%, 19, 0, 9, 1128.69, 1771499, 2885, 34, 0
1803, 6, 905, 1017, 7, 0, 4.40%, 19, 0, 9, 1056.25, 1776786, 2885, 34, 0
1808, 6, 972, 1017, 7, 0, 4.40%, 19, 0, 9, 38.53, 1780241, 2885, 34, 0
1813, 6, 974, 1017, 7, 0, 4.40%, 19, 0, 9, 1151.55, 1785919, 2885, 34, 0
1819, 6, 703, 1017, 7, 0, 4.40%, 19, 0, 9, 1177.37, 1791862, 2885, 34, 0
1824, 6, 866, 1018, 8, 0, 4.40%, 19, 0, 9, 1201.16, 1797997, 2885, 34, 0
1830, 6, 478, 1018, 8, 0, 4.40%, 19, 0, 9, 1147.24, 1804415, 2885, 35, 0
1835, 6, 1008, 1020, 10, 0, 4.40%, 19, 0, 9, 1129.55, 1810184, 2885, 36, 0
1840, 6, 1018, 1021, 10, 0, 4.40%, 20, 0, 9, 8.67, 1814093, 2885, 40, 0
1846, 6, 730, 1021, 9, 0, 4.40%, 20, 0, 9, 1119.20, 1819910, 2885, 41, 0
1851, 6, 121, 1021, 9, 0, 4.40%, 20, 0, 9, 1096.57, 1825387, 2885, 41, 0
1856, 7, 271, 1022, 8, 0, 4.40%, 20, 0, 9, 1110.45, 1830992, 2885, 41, 0
1861, 7, 931, 1022, 8, 0, 4.40%, 20, 0, 9, 1127.31, 1836742, 2885, 41, 0
1866, 7, 1013, 1022, 8, 0, 4.40%, 20, 0, 9, 1024.53, 1842153, 2885, 41, 0
1871, 7, 1021, 1022, 8, 0, 4.40%, 20, 0, 9, 167.53, 1846254, 2885, 41, 0
1876, 7, 659, 1022, 8, 0, 4.40%, 20, 0, 9, 904.11, 1849533, 2885, 41, 0
