# relative_time, cycles_done, cur_item, corpus_count, pending_total, pending_favs, map_size, saved_crashes, saved_hangs, max_depth, execs_per_sec, total_execs, edges_found, total_crashes, servers_count
61, 2, 498, 721, 116, 0, 32.45%, 15, 0, 27, 12339.38, 794483, 1013, 22, 0
66, 2, 499, 726, 76, 0, 32.51%, 18, 0, 27, 11595.79, 854119, 1015, 26, 0
71, 3, 555, 730, 47, 0, 32.54%, 18, 0, 27, 12040.50, 911027, 1016, 26, 0
76, 3, 69, 743, 43, 0, 32.58%, 18, 0, 27, 9566.63, 952717, 1017, 26, 0
81, 3, 531, 746, 32, 0, 32.58%, 19, 0, 27, 11667.89, 1013898, 1017, 27, 0
87, 4, 137, 752, 24, 0, 32.67%, 19, 0, 27, 12603.03, 1078389, 1020, 29, 0
92, 4, 682, 756, 17, 0, 32.67%, 19, 0, 27, 12653.80, 1143765, 1020, 30, 0
97, 4, 660, 757, 12, 0, 32.70%, 19, 0, 27, 12714.57, 1210336, 1021, 30, 0
102, 5, 183, 762, 8, 0, 33.12%, 20, 0, 27, 14999.49, 1289142, 1034, 33, 0
107, 5, 725, 763, 7, 0, 33.12%, 20, 0, 27, 191.72, 1334979, 1034, 33, 0
112, 6, 764, 779, 16, 0, 33.50%, 20, 0, 27, 15247.90, 1412417, 1046, 36, 0
118, 6, 758, 782, 10, 0, 33.57%, 20, 0, 27, 14057.84, 1482495, 1048, 37, 0
123, 6, 784, 794, 16, 0, 33.70%, 21, 0, 27, 14328.67, 1556778, 1052, 45, 0
128, 6, 374, 805, 9, 0, 33.79%, 21, 0, 27, 14194.26, 1628168, 1055, 46, 0
133, 7, 669, 812, 7, 0, 33.82%, 21, 0, 27, 13837.33, 1693189, 1056, 46, 0
138, 7, 434, 816, 5, 0, 33.82%, 21, 0, 27, 2271.81, 1753120, 1056, 50, 0
143, 7, 18, 821, 5, 0, 34.08%, 23, 0, 27, 13981.16, 1813412, 1064, 52, 0
148, 8, 789, 834, 13, 0, 34.11%, 23, 0, 30, 11606.24, 1873612, 1065, 52, 0
153, 8, 667, 841, 11, 0, 34.14%, 24, 0, 30, 10674.63, 1930186, 1066, 54, 0
158, 8, 757, 843, 10, 0, 34.14%, 24, 0, 30, 10525.86, 1979328, 1066, 57, 0
163, 9, 654, 848, 8, 0, 34.14%, 24, 0, 30, 10276.00, 2033285, 1066, 59, 0
168, 9, 829, 852, 6, 0, 34.14%, 24, 0, 30, 9007.95, 2072840, 1066, 60, 0
174, 9, 56, 854, 5, 0, 34.14%, 24, 0, 30, 12002.64, 2115068, 1066, 61, 0
179, 9, 374, 855, 2, 0, 34.14%, 24, 0, 30, 13488.41, 2184293, 1066, 61, 0
184, 10, 679, 860, 4, 0, 34.14%, 25, 0, 30, 14629.07, 2258740, 1066, 63, 0
189, 10, 823, 863, 4, 0, 34.14%, 25, 0, 30, 13530.81, 2327203, 1066, 65, 0
194, 10, 359, 865, 3, 0, 34.27%, 25, 0, 30, 13946.31, 2399887, 1070, 67, 0
199, 11, 757, 866, 3, 0, 34.27%, 25, 0, 30, 13288.06, 2465487, 1070, 69, 0
204, 11, 603, 867, 1, 0, 34.34%, 25, 0, 30, 12589.32, 2509674, 1072, 71, 0
209, 11, 294, 870, 1, 0, 34.40%, 25, 0, 30, 13762.11, 2581652, 1074, 73, 0
215, 12, 30, 874, 3, 0, 34.56%, 25, 0, 30, 12828.87, 2649042, 1079, 76, 0
220, 12, 550, 878, 4, 0, 34.56%, 25, 0, 30, 13719.90, 2721815, 1079, 79, 0
225, 12, 364, 901, 17, 0, 34.66%, 25, 0, 30, 12184.35, 2780644, 1082, 83, 0
230, 12, 904, 906, 13, 0, 34.72%, 25, 0, 30, 13313.62, 2849130, 1084, 85, 0
235, 13, 375, 907, 8, 0, 34.72%, 25, 0, 30, 13894.74, 2896846, 1084, 87, 0
240, 13, 743, 907, 2, 0, 34.72%, 26, 0, 30, 12968.69, 2957355, 1084, 91, 0
246, 13, 409, 911, 4, 0, 34.75%, 26, 0, 30, 13770.90, 3029414, 1085, 92, 0
251, 14, 862, 913, 4, 0, 34.75%, 26, 0, 30, 13913.77, 3100280, 1085, 95, 0
256, 14, 868, 915, 5, 0, 34.75%, 26, 0, 30, 12235.70, 3160067, 1085, 95, 0
261, 14, 654, 916, 3, 0, 34.75%, 26, 0, 30, 12973.95, 3225472, 1085, 97, 0
266, 15, 616, 920, 5, 0, 34.82%, 26, 0, 30, 1708.12, 3283568, 1087, 97, 0
271, 15, 911, 924, 7, 0, 34.88%, 26, 0, 30, 14134.77, 3336603, 1089, 101, 0
276, 15, 167, 927, 3, 0, 34.91%, 26, 0, 30, 13956.12, 3408470, 1090, 104, 0
281, 15, 725, 927, 1, 0, 34.91%, 26, 0, 30, 13846.34, 3475726, 1090, 105, 0
286, 16, 372, 927, 1, 0, 34.91%, 26, 0, 30, 15053.93, 3554599, 1090, 108, 0
291, 16, 547, 927, 1, 0, 34.91%, 26, 0, 30, 15219.14, 3631430, 1090, 109, 0
296, 17, 521, 928, 1, 0, 34.91%, 26, 0, 30, 14066.13, 3703086, 1090, 110, 0
302, 17, 654, 928, 0, 0, 34.91%, 26, 0, 30, 13518.35, 3744518, 1090, 112, 0
307, 17, 484, 928, 0, 0, 34.91%, 26, 0, 30, 11624.32, 3802738, 1090, 113, 0
312, 17, 870, 929, 1, 0, 34.91%, 26, 0, 30, 9377.67, 3848282, 1090, 114, 0
