# relative_time, cycles_done, cur_item, corpus_count, pending_total, pending_favs, map_size, saved_crashes, saved_hangs, max_depth, execs_per_sec, total_execs, edges_found, total_crashes, servers_count
61, 0, 301, 360, 269, 35, 28.41%, 8, 0, 4, 2930.55, 192868, 882, 17, 0
66, 0, 301, 363, 272, 35, 28.44%, 8, 0, 4, 2978.38, 208131, 883, 18, 0
71, 0, 301, 365, 274, 35, 28.60%, 8, 0, 4, 3061.32, 223304, 888, 19, 0
76, 0, 367, 373, 270, 33, 28.60%, 8, 0, 5, 2833.91, 237916, 888, 19, 0
81, 0, 281, 390, 279, 24, 28.66%, 8, 0, 5, 2938.93, 252930, 890, 19, 0
87, 0, 290, 409, 297, 24, 28.66%, 10, 0, 5, 50.59, 264369, 890, 22, 0
92, 0, 290, 413, 301, 24, 28.70%, 10, 0, 5, 2928.13, 279015, 891, 23, 0
97, 0, 290, 417, 305, 24, 29.08%, 10, 0, 5, 2427.16, 291097, 903, 26, 0
103, 0, 290, 419, 307, 24, 29.15%, 10, 0, 5, 2618.78, 305288, 905, 27, 0
108, 0, 310, 432, 308, 18, 29.28%, 10, 0, 5, 2779.52, 319281, 909, 27, 0
113, 0, 261, 479, 330, 2, 29.37%, 10, 0, 5, 2902.23, 334481, 912, 27, 0
118, 0, 435, 489, 339, 2, 29.47%, 10, 0, 6, 490.91, 345970, 915, 27, 0
123, 0, 367, 494, 329, 0, 29.53%, 10, 0, 7, 2915.82, 357713, 917, 27, 0
128, 0, 119, 497, 313, 0, 29.98%, 11, 0, 7, 2947.36, 372564, 931, 28, 0
133, 0, 310, 502, 297, 0, 29.98%, 11, 0, 7, 3061.41, 388433, 931, 28, 0
138, 1, 419, 502, 270, 0, 29.98%, 11, 0, 7, 2987.45, 403566, 931, 28, 0
144, 1, 28, 505, 233, 0, 29.98%, 11, 0, 7, 3006.59, 419213, 931, 28, 0
149, 1, 508, 514, 216, 0, 30.08%, 13, 0, 7, 2941.66, 434184, 934, 30, 0
154, 1, 35, 515, 195, 0, 30.08%, 14, 0, 7, 2901.00, 443906, 934, 31, 0
159, 1, 211, 521, 179, 0, 30.50%, 14, 0, 7, 2897.82, 458628, 947, 31, 0
164, 1, 458, 528, 164, 0, 30.63%, 15, 0, 8, 2958.50, 474134, 951, 32, 0
169, 2, 518, 541, 164, 0, 30.66%, 15, 0, 8, 2814.18, 487955, 952, 32, 0
174, 2, 539, 561, 183, 3, 30.85%, 15, 0, 9, 2696.83, 501740, 958, 32, 0
180, 2, 556, 573, 193, 4, 30.92%, 16, 0, 10, 2719.24, 515471, 960, 33, 0
185, 2, 540, 581, 198, 3, 30.92%, 16, 0, 10, 2735.90, 524318, 960, 33, 0
190, 2, 578, 595, 190, 0, 30.98%, 16, 0, 11, 2767.00, 538256, 962, 34, 0
195, 2, 602, 612, 201, 0, 31.01%, 16, 0, 13, 2827.62, 552716, 963, 34, 0
200, 2, 611, 626, 214, 1, 31.11%, 16, 0, 14, 2886.04, 567407, 966, 34, 0
205, 2, 625, 637, 222, 0, 31.24%, 16, 0, 15, 2746.72, 581345, 970, 34, 0
210, 2, 630, 655, 239, 1, 31.24%, 16, 0, 16, 2278.44, 592360, 970, 34, 0
215, 2, 646, 655, 238, 3, 31.24%, 16, 0, 16, 37.14, 599167, 970, 34, 0
220, 2, 648, 664, 225, 0, 31.37%, 17, 0, 17, 2844.58, 613574, 974, 36, 0
225, 2, 561, 669, 206, 0, 31.37%, 17, 0, 17, 2861.25, 627925, 974, 36, 0
230, 2, 146, 675, 203, 0, 31.37%, 17, 0, 17, 2830.38, 642271, 974, 37, 0
235, 2, 651, 676, 189, 0, 31.37%, 17, 0, 17, 2499.15, 654114, 974, 37, 0
241, 2, 358, 679, 174, 0, 31.37%, 18, 0, 17, 2785.26, 668285, 974, 38, 0
246, 2, 679, 680, 165, 1, 31.43%, 18, 0, 17, 310.81, 680107, 976, 38, 0
251, 2, 545, 683, 157, 0, 31.50%, 18, 0, 17, 2709.06, 691363, 978, 38, 0
256, 2, 644, 684, 150, 0, 31.50%, 18, 0, 17, 2197.54, 701698, 978, 38, 0
261, 2, 50, 686, 145, 0, 31.50%, 18, 0, 17, 2200.50, 711885, 978, 39, 0
266, 3, 455, 689, 134, 0, 31.50%, 18, 0, 17, 2178.08, 723363, 978, 39, 0
272, 3, 364, 691, 124, 0, 31.50%, 18, 0, 17, 2662.12, 736828, 978, 39, 0
277, 3, 252, 691, 113, 0, 31.50%, 18, 0, 17, 2728.82, 750685, 978, 39, 0
282, 3, 348, 691, 103, 0, 31.50%, 18, 0, 17, 2769.58, 759712, 978, 39, 0
287, 3, 22, 692, 95, 0, 31.50%, 19, 0, 17, 2730.79, 773773, 978, 40, 0
292, 3, 137, 695, 86, 0, 31.50%, 19, 0, 17, 2837.78, 788286, 978, 40, 0
297, 3, 35, 696, 76, 0, 31.50%, 19, 0, 17, 2840.57, 802367, 978, 41, 0
302, 3, 614, 698, 73, 0, 31.50%, 19, 0, 17, 2867.31, 816588, 978, 41, 0
307, 3, 119, 698, 69, 0, 31.50%, 19, 0, 17, 2864.08, 831281, 978, 41, 0
313, 4, 363, 698, 67, 0, 31.50%, 19, 0, 17, 2145.89, 839384, 978, 41, 0
318, 4, 95, 698, 63, 0, 31.50%, 19, 0, 17, 2037.65, 850228, 978, 42, 0
319, 4, 146, 698, 62, 0, 31.50%, 19, 0, 17, 2333.95, 854541, 978, 42, 0
